1470.0 274.734375 1.07985384641 -0.767333013403
1471.0 276.140625 1.07979472648 -0.767291323216
1472.0 277.546875 1.0797482848 -0.767244721682
1473.0 278.953125 1.07971838983 -0.767214340796
1474.0 280.359375 1.07974973512 -0.767197125241
1475.0 281.765625 1.07972412765 -0.767158771198
1476.0 283.203125 1.07971678111 -0.7671450523
1477.0 284.609375 1.07984115317 -0.767229025369
1478.0 286.015625 1.07996334489 -0.767309804629
1479.0 287.421875 1.08005853623 -0.767376752514
1480.0 288.828125 1.08013031553 -0.76744078342
1481.0 290.234375 1.08015652833 -0.767483239003
1482.0 291.640625 1.08016885504 -0.767518429589
1483.0 293.046875 1.08022007739 -0.767524346998
1484.0 294.453125 1.08027341659 -0.767565677521
1485.0 295.859375 1.08024051081 -0.767605731986
1486.0 297.265625 1.08027345624 -0.767643950374
1487.0 298.671875 1.08029933377 -0.767668654293
1488.0 0.078125 1.08035653867 -0.76772131799
1489.0 1.484375 1.08044163845 -0.767750365081
1490.0 2.890625 1.08050451879 -0.76778124571
1491.0 4.296875 1.08057050076 -0.767816921852
1492.0 5.703125 1.08060534245 -0.767836499283
1493.0 7.109375 1.08066311726 -0.767858858913
1494.0 8.515625 1.08057302442 -0.767820242537
1495.0 9.921875 1.08062328424 -0.767844514732
1496.0 11.328125 1.0807223402 -0.76791302015
1497.0 12.734375 1.08069931237 -0.767885871596
1498.0 14.140625 1.08066560852 -0.76785702073
1499.0 15.546875 1.0805001076 -0.767735882628
1500.0 16.953125 1.08036301741 -0.767625775195
1501.0 18.359375 1.0803958813 -0.767623802111
1502.0 19.765625 1.08047605104 -0.767763355794
1503.0 21.171875 1.08013854261 -0.767468447295
1504.0 22.609375 1.08017732949 -0.767509313181
1505.0 24.015625 1.08049964717 -0.767769024504
1506.0 25.421875 1.08048117693 -0.76775501163
1507.0 26.828125 1.08033771224 -0.767623383364
1508.0 28.234375 1.0804076027 -0.767657724977
1509.0 29.640625 1.08049566361 -0.767744064895
1510.0 31.046875 1.08071671844 -0.767916953807
1511.0 32.453125 1.08082027488 -0.767991527183
1512.0 33.859375 1.08065717063 -0.767877446569
1513.0 35.265625 1.08064364027 -0.767836878957
1514.0 36.671875 1.0804457939 -0.767701310256
1515.0 38.078125 1.08047971546 -0.767723499295
1516.0 39.484375 1.08061192635 -0.767811145129
1517.0 40.890625 1.08066610125 -0.767870416295
1518.0 42.296875 1.08064366668 -0.76786934723
1519.0 43.703125 1.08078032907 -0.767941707878
1520.0 45.109375 1.08045839206 -0.767739915763
1521.0 46.515625 1.08045966756 -0.767709976039
1522.0 47.921875 1.08012967449 -0.767490229017
1523.0 49.328125 1.08013774317 -0.767466266876
1524.0 50.734375 1.07999295455 -0.767365610527
1525.0 52.140625 1.07993240093 -0.767327212834
1526.0 53.546875 1.07988919942 -0.767304064463
1527.0 54.953125 1.07983667677 -0.767280260608
1528.0 56.359375 1.07987930101 -0.767304224497
1529.0 57.765625 1.079820574 -0.767265907679
1530.0 59.171875 1.07971869489 -0.767196033014
1531.0 60.578125 1.07957165297 -0.767090080619
1532.0 62.015625 1.07941148778 -0.766968931969
1533.0 63.421875 1.07937724288 -0.766943748465
1534.0 64.828125 1.0793562872 -0.766924674774
1535.0 66.234375 1.07935045879 -0.766915707112
1536.0 67.640625 1.07937581764 -0.766927972877
1537.0 69.046875 1.07940454067 -0.766948269604
1538.0 70.453125 1.07945088629 -0.76698485149
1539.0 71.859375 1.07955219881 -0.767055991233
1540.0 73.265625 1.07965400167 -0.767132009785
1541.0 74.671875 1.07976002364 -0.767212646424
1542.0 76.078125 1.07989769016 -0.767310054537
1543.0 77.484375 1.08001317981 -0.767394324274
1544.0 78.890625 1.08009567421 -0.767458042874
1545.0 80.296875 1.08015178554 -0.767503056354
1546.0 81.703125 1.0802061796 -0.767541763056
1547.0 83.109375 1.0802617185 -0.767575285585
1548.0 84.515625 1.08025578521 -0.767571469804
1549.0 85.921875 1.08020744134 -0.767541036004
1550.0 87.328125 1.08016911513 -0.767512025337
1551.0 88.734375 1.08012561143 -0.76747773136
1552.0 90.140625 1.08007626715 -0.767439003063
1553.0 91.546875 1.08001094592 -0.76739164064
1554.0 92.953125 1.07993120523 -0.767337663329
1555.0 94.359375 1.07988611135 -0.767303368409
1556.0 95.765625 1.07986008376 -0.767281141348
1557.0 97.171875 1.07982099783 -0.767254723139
1558.0 98.578125 1.07979109167 -0.767235763317
1559.0 100.015625 1.07982341548 -0.767261672895
1560.0 101.421875 1.08001946649 -0.767402104869
1561.0 102.828125 1.08022074893 -0.76754632587
1562.0 104.234375 1.08041238209 -0.767685956626
1563.0 105.640625 1.08060183651 -0.767824205942
1564.0 107.046875 1.08080161183 -0.767966779342
1565.0 108.453125 1.08097989788 -0.768096489454
1566.0 109.859375 1.08114166243 -0.7682149619
1567.0 111.265625 1.08130059505 -0.768328580834
1568.0 112.671875 1.08143008037 -0.768423281457
1569.0 114.078125 1.08154300109 -0.768505179056
1570.0 115.484375 1.08164399561 -0.768576345081
