1470.0 231.546875 0.831359420985 -0.60280064275
1471.0 232.921875 0.831532335532 -0.602920047008
1472.0 234.296875 0.8316533683 -0.603003004898
1473.0 235.671875 0.831694689289 -0.603033016455
1474.0 237.046875 0.831654988521 -0.603023194864
1475.0 238.421875 0.831574538351 -0.602971393897
1476.0 239.796875 0.831443085501 -0.602885406665
1477.0 241.171875 0.831272064645 -0.602771585179
1478.0 242.578125 0.831319103631 -0.602806785744
1479.0 243.953125 0.831475024046 -0.602915171428
1480.0 245.328125 0.831530510354 -0.60297605419
1481.0 246.703125 0.831528751124 -0.602981053743
1482.0 248.078125 0.831511621186 -0.602966828463
1483.0 249.453125 0.831453743281 -0.602927094974
1484.0 250.828125 0.831379009733 -0.602844958732
1485.0 252.234375 0.831250672445 -0.602754901449
1486.0 253.609375 0.831451152496 -0.602889280542
1487.0 254.984375 0.83161635166 -0.602988910387
1488.0 256.359375 0.831708165278 -0.603043047313
1489.0 257.734375 0.831719279274 -0.603051064017
1490.0 259.109375 0.831676391906 -0.603028406119
1491.0 260.484375 0.831603627922 -0.602966906696
1492.0 261.859375 0.831479357894 -0.602876002923
1493.0 263.265625 0.83143588223 -0.602856407971
1494.0 264.640625 0.831542520865 -0.602946233659
1495.0 266.015625 0.831615890392 -0.603009922974
1496.0 267.390625 0.831641812031 -0.603033340795
1497.0 268.765625 0.831631625335 -0.60302498124
1498.0 270.140625 0.83159541548 -0.602992889206
1499.0 271.515625 0.831497978052 -0.602915101653
1500.0 272.890625 0.83132938195 -0.602790282725
1501.0 274.296875 0.831450359189 -0.602881599379
1502.0 275.671875 0.831543559283 -0.602953138404
1503.0 277.046875 0.831637150736 -0.603021260637
1504.0 278.421875 0.831667686413 -0.603039330156
1505.0 279.796875 0.831624491898 -0.603013430439
1506.0 281.171875 0.831504595486 -0.602921970583
1507.0 282.546875 0.83140397649 -0.602848964261
1508.0 283.953125 0.831336256335 -0.602801181074
1509.0 285.328125 0.831464223038 -0.602893262545
1510.0 286.703125 0.831568212845 -0.60296623998
1511.0 288.078125 0.831622023939 -0.603007107028
1512.0 289.453125 0.831626197996 -0.603011791898
1513.0 290.828125 0.83157046281 -0.60297066227
1514.0 292.203125 0.83145183919 -0.602883719954
1515.0 293.578125 0.831285285647 -0.602761631327
1516.0 294.984375 0.831365956461 -0.602820329174
1517.0 296.359375 0.831505347586 -0.602922031056
1518.0 297.734375 0.831591105377 -0.602985058885
1519.0 299.109375 0.831623004719 -0.603008282332
1520.0 0.484375 0.831593402856 -0.602986972364
1521.0 1.859375 0.831513864234 -0.602928116374
1522.0 3.234375 0.831375477507 -0.602827792748
1523.0 4.640625 0.831263759172 -0.602746130306
1524.0 6.015625 0.831428090126 -0.602865571377
1525.0 7.390625 0.831545522665 -0.602951052691
1526.0 8.765625 0.831613233121 -0.603000478733
1527.0 10.140625 0.831625887573 -0.603010459867
1528.0 11.515625 0.831584250429 -0.602980729706
1529.0 12.890625 0.831491800303 -0.60291323171
1530.0 14.265625 0.831336863545 -0.6028015596
1531.0 15.671875 0.831374648765 -0.602828082083
1532.0 17.046875 0.831512910401 -0.602927987052
1533.0 18.421875 0.831602949717 -0.602992688282
1534.0 19.796875 0.831639170369 -0.60301918677
1535.0 21.171875 0.83162516734 -0.603009554009
1536.0 22.546875 0.8315643234 -0.602965460938
1537.0 23.921875 0.831451756687 -0.602884137813
1538.0 25.328125 0.831301268374 -0.602775318914
1539.0 26.703125 0.831478761461 -0.602904369196
1540.0 28.078125 0.8316023883 -0.602994416366
1541.0 29.453125 0.831673180628 -0.603045795587
1542.0 30.828125 0.831689497055 -0.603057638357
1543.0 32.203125 0.831651441896 -0.603030007788
1544.0 33.578125 0.831559052139 -0.602962996491
1545.0 34.953125 0.831413303919 -0.602857243192
1546.0 36.359375 0.831387375065 -0.602838031412
1547.0 37.734375 0.831531681023 -0.602942389526
1548.0 39.109375 0.831624187143 -0.603009235627
1549.0 40.484375 0.831664049898 -0.603038222393
1550.0 41.859375 0.831653103265 -0.603030328406
1551.0 43.234375 0.831591735453 -0.60298574868
1552.0 44.609375 0.831478559226 -0.602903762397
1553.0 45.984375 0.831314600133 -0.6027848357
1554.0 47.390625 0.831434600509 -0.602872023946
1555.0 48.765625 0.831560690897 -0.602963576422
1556.0 50.140625 0.831634879804 -0.603017363721
1557.0 51.515625 0.831655400745 -0.603032415669
1558.0 52.890625 0.831623283913 -0.603009188812
1559.0 54.265625 0.831537760102 -0.602947266085
1560.0 55.640625 0.831400109119 -0.602847285245
1561.0 57.046875 0.831314724704 -0.602785064257
1562.0 58.421875 0.831464104742 -0.602893391742
1563.0 59.796875 0.831561189802 -0.602963660804
1564.0 61.171875 0.831605200302 -0.60299552693
1565.0 62.546875 0.831598260547 -0.60299012762
1566.0 63.921875 0.831538909417 -0.602946781244
1567.0 65.296875 0.831426856353 -0.602865410935
1568.0 66.671875 0.83126340358 -0.602746742387
1569.0 68.078125 0.831322718432 -0.60278965795
1570.0 69.453125 0.831453017818 -0.602883932462
