1470.0 192.109375 0.627936641252 -0.463993849551
1471.0 193.484375 0.627914057265 -0.463998333883
1472.0 194.828125 0.628000576541 -0.464071268495
1473.0 196.171875 0.627946928253 -0.464030130637
1474.0 197.546875 0.627887199401 -0.46399001957
1475.0 198.890625 0.628039490384 -0.46408269869
1476.0 200.234375 0.628017529102 -0.464055138088
1477.0 201.609375 0.62787141297 -0.463941905966
1478.0 202.953125 0.62805258144 -0.464068290165
1479.0 204.296875 0.628067115774 -0.464076370246
1480.0 205.640625 0.627917474689 -0.463965782085
1481.0 207.015625 0.628023071938 -0.464044226037
1482.0 208.359375 0.628064769117 -0.464077959603
1483.0 209.703125 0.627955593891 -0.463998736831
1484.0 211.078125 0.627977989584 -0.464012964581
1485.0 212.421875 0.628067821937 -0.464078559222
1486.0 213.765625 0.627993978528 -0.464025420461
1487.0 215.140625 0.627930840656 -0.463977313967
1488.0 216.484375 0.628053390222 -0.464068971537
1489.0 217.828125 0.62802901838 -0.464050806489
1490.0 219.203125 0.627873239432 -0.463935546406
1491.0 220.546875 0.628039439604 -0.464058596265
1492.0 221.890625 0.628053433384 -0.464068748303
1493.0 223.234375 0.627911260856 -0.463963918558
1494.0 224.609375 0.628014960865 -0.464040559967
1495.0 225.953125 0.628066465987 -0.464078602021
1496.0 227.296875 0.627963643177 -0.464002644457
1497.0 228.671875 0.627980067629 -0.464014753953
1498.0 230.015625 0.628069831681 -0.464081104921
1499.0 231.359375 0.628005508029 -0.464033582199
1500.0 232.734375 0.627934381445 -0.463981054526
1501.0 234.078125 0.628062808824 -0.464075941147
1502.0 235.421875 0.628037042478 -0.464056900604
1503.0 236.796875 0.627878777523 -0.463939966091
1504.0 238.140625 0.628045809338 -0.464063367688
1505.0 239.484375 0.628058583627 -0.464072822205
1506.0 240.828125 0.627917277068 -0.463968412716
1507.0 242.203125 0.628018721567 -0.464043373996
1508.0 243.546875 0.628070232947 -0.46408142803
1509.0 244.890625 0.627967534678 -0.464005554367
1510.0 246.265625 0.627981853126 -0.464016133397
1511.0 247.609375 0.62807203331 -0.464082758759
1512.0 248.953125 0.628007978974 -0.464035443299
1513.0 250.328125 0.627935183881 -0.463981650844
1514.0 251.671875 0.628063978878 -0.464076820423
1515.0 253.015625 0.628038669906 -0.464058118523
1516.0 254.390625 0.627878708391 -0.463939929821
1517.0 255.734375 0.628046182851 -0.464063676662
1518.0 257.078125 0.628059575225 -0.464073566887
1519.0 258.421875 0.62791875793 -0.463969534545
1520.0 259.796875 0.628018647402 -0.464043330682
1521.0 261.140625 0.628070682377 -0.464081786347
1522.0 262.484375 0.62796860207 -0.464006362431
1523.0 263.859375 0.627981326919 -0.464015763621
1524.0 265.203125 0.62807206403 -0.464082813329
1525.0 266.546875 0.628008694499 -0.464035987727
1526.0 267.921875 0.627934242076 -0.46398098764
1527.0 269.265625 0.628063727193 -0.464076652646
1528.0 270.609375 0.628039008254 -0.46405839776
1529.0 271.984375 0.62787745971 -0.463939037256
1530.0 273.328125 0.628045615502 -0.464063278348
1531.0 274.671875 0.628059608338 -0.464073624794
1532.0 276.015625 0.627919502884 -0.463970104616
1533.0 277.390625 0.628017751167 -0.464042701985
1534.0 278.734375 0.628070493694 -0.464081669207
1535.0 280.078125 0.627969050746 -0.464006723343
1536.0 281.453125 0.627980179127 -0.464014947632
1537.0 282.796875 0.628071627713 -0.46408251306
1538.0 284.140625 0.628008882903 -0.464036161954
1539.0 285.515625 0.627932891866 -0.463980012128
1540.0 286.859375 0.628063010868 -0.464076157096
1541.0 288.203125 0.62803901094 -0.464058424801
1542.0 289.578125 0.627875864159 -0.463937884537
1543.0 290.921875 0.628044679835 -0.464062619715
1544.0 292.265625 0.628059402895 -0.4640734965
1545.0 293.609375 0.627919949628 -0.463970468456
1546.0 294.984375 0.628016636129 -0.464041902421
1547.0 296.328125 0.628070047902 -0.464081370982
1548.0 297.671875 0.627969324165 -0.464006952476
1549.0 299.046875 0.627978849955 -0.464013990989
1550.0 0.390625 0.628070975081 -0.464082063127
1551.0 1.734375 0.628008972163 -0.464036251548
1552.0 3.109375 0.627931332914 -0.463978892129
1553.0 4.453125 0.628062185009 -0.46407557273
1554.0 5.796875 0.628038882336 -0.464058359581
1555.0 7.171875 0.627874107379 -0.463936617601
1556.0 8.515625 0.628043658682 -0.464061890984
1557.0 9.859375 0.628059072827 -0.464073284793
1558.0 11.203125 0.627920370173 -0.463970804047
1559.0 12.578125 0.628015397096 -0.464041018377
1560.0 13.921875 0.628069544112 -0.464081027071
1561.0 15.265625 0.627969540377 -0.464007141628
1562.0 16.640625 0.627977414265 -0.464012962487
1563.0 17.984375 0.628070285235 -0.464081580791
1564.0 19.328125 0.628008991111 -0.464036297991
1565.0 20.703125 0.62792971637 -0.463977726728
1566.0 22.046875 0.628061291585 -0.464074943457
1567.0 23.390625 0.628038724385 -0.464058273153
1568.0 24.765625 0.627872300423 -0.463935310718
1569.0 26.109375 0.62804256635 -0.464061116834
1570.0 27.453125 0.628058738003 -0.464073065471
