1470.0 156.515625 0.462209163277 -0.347493511635
1471.0 157.828125 0.462271804979 -0.347557589297
1472.0 159.171875 0.462210666692 -0.347510409287
1473.0 160.484375 0.462261280006 -0.347544704754
1474.0 161.828125 0.462277533242 -0.347545868244
1475.0 163.140625 0.462260661396 -0.347527830117
1476.0 164.484375 0.462288288103 -0.347564757124
1477.0 165.796875 0.462215287652 -0.347501204463
1478.0 167.140625 0.46232629607 -0.347572864579
1479.0 168.484375 0.46227035461 -0.347525143135
1480.0 169.796875 0.462319009293 -0.347561573596
1481.0 171.140625 0.462280871547 -0.347536713671
1482.0 172.453125 0.462270683687 -0.347527418568
1483.0 173.796875 0.462325373164 -0.347562649763
1484.0 175.109375 0.462266833069 -0.347516574942
1485.0 176.453125 0.462322223849 -0.347562990555
1486.0 177.796875 0.462233131831 -0.347499877822
1487.0 179.109375 0.462323575295 -0.347564257254
1488.0 180.453125 0.462295469464 -0.347541002026
1489.0 181.765625 0.462297854773 -0.347544847713
1490.0 183.109375 0.462309943579 -0.347554782564
1491.0 184.421875 0.462263985184 -0.347518753141
1492.0 185.765625 0.462325428116 -0.347565360841
1493.0 187.109375 0.462227317802 -0.347492138834
1494.0 188.421875 0.462326580746 -0.347565623781
1495.0 189.765625 0.462274637851 -0.347527630796
1496.0 191.078125 0.462305920084 -0.347551119213
1497.0 192.421875 0.462308177901 -0.34755243992
1498.0 193.734375 0.462274192576 -0.347527187189
1499.0 195.078125 0.462324676817 -0.347564862212
1500.0 196.390625 0.462227924873 -0.347492324443
1501.0 197.734375 0.462325797449 -0.347565847579
1502.0 199.078125 0.46226426568 -0.347519440342
1503.0 200.390625 0.462313186203 -0.347556336151
1504.0 201.734375 0.462299977497 -0.347546348899
1505.0 203.046875 0.462286338994 -0.347536088887
1506.0 204.390625 0.462321435659 -0.347562479767
1507.0 205.703125 0.462244590696 -0.34750474795
1508.0 207.046875 0.462328062592 -0.347567537083
1509.0 208.390625 0.462251751877 -0.347510211243
1510.0 209.703125 0.462320159365 -0.347561632285
1511.0 211.046875 0.462292364187 -0.34754075125
1512.0 212.359375 0.462297635131 -0.347544690531
1513.0 213.703125 0.462318282797 -0.347560210539
1514.0 215.015625 0.462260281046 -0.347516601362
1515.0 216.359375 0.462329227008 -0.347568445461
1516.0 217.703125 0.462238296539 -0.347500103415
1517.0 219.015625 0.462325248942 -0.347565478283
1518.0 220.359375 0.462282731415 -0.347533515251
1519.0 221.671875 0.46230651398 -0.34755139103
1520.0 223.015625 0.462312427706 -0.347555821386
1521.0 224.328125 0.462272999279 -0.34752618086
1522.0 225.671875 0.462327310121 -0.34756699127
1523.0 226.984375 0.462224647479 -0.347489827915
1524.0 228.328125 0.462327356436 -0.347567022823
1525.0 229.671875 0.462270110869 -0.347524005568
1526.0 230.984375 0.46231265841 -0.347555968706
1527.0 232.328125 0.462303866779 -0.34754937332
1528.0 233.640625 0.462283248906 -0.34753385261
1529.0 234.984375 0.462322921438 -0.347563688231
1530.0 236.296875 0.462239130902 -0.347500682625
1531.0 237.640625 0.462327278834 -0.347566956918
1532.0 238.984375 0.462255689481 -0.34751313302
1533.0 240.296875 0.462316964785 -0.34755919553
1534.0 241.640625 0.462293832062 -0.347541806351
1535.0 242.953125 0.462291994214 -0.34754041459
1536.0 244.296875 0.462317327458 -0.3475594673
1537.0 245.609375 0.462252366032 -0.347510616323
1538.0 246.953125 0.462326170845 -0.347566114152
1539.0 248.296875 0.462240332651 -0.347501563236
1540.0 249.609375 0.462320359929 -0.347561745176
1541.0 250.953125 0.462283013391 -0.347533649019
1542.0 252.265625 0.462299902999 -0.347546364993
1543.0 253.609375 0.462311045703 -0.347554723832
1544.0 254.921875 0.462264797544 -0.347519972582
1545.0 256.265625 0.462324415903 -0.347564779213
1546.0 257.609375 0.462224202171 -0.347489447032
1547.0 258.921875 0.462323121864 -0.347563812609
1548.0 260.265625 0.462271419898 -0.347524942862
1549.0 261.578125 0.462307168109 -0.347551825263
1550.0 262.921875 0.462303977087 -0.347549418713
1551.0 264.234375 0.462276554748 -0.347528816657
1552.0 265.578125 0.462321863546 -0.347562867293
1553.0 266.890625 0.462231280999 -0.34749478642
1554.0 268.234375 0.46232507302 -0.347565283702
1555.0 269.578125 0.462258988851 -0.347515618611
1556.0 270.890625 0.462313605359 -0.3475566668
1557.0 272.234375 0.46229601431 -0.347543452847
1558.0 273.546875 0.462287460871 -0.347537015967
1559.0 274.890625 0.462318359819 -0.347560251729
1560.0 276.203125 0.46224663525 -0.347506329384
1561.0 277.546875 0.462326017259 -0.347566009608
1562.0 278.890625 0.462245606754 -0.347505565045
1563.0 280.203125 0.462318983825 -0.347560723907
1564.0 281.546875 0.462287034744 -0.347536712171
1565.0 282.859375 0.46229725822 -0.347544393835
1566.0 284.203125 0.462313774796 -0.347556817414
1567.0 285.515625 0.462260839755 -0.347517019217
1568.0 286.859375 0.462325821715 -0.34756587701
1569.0 288.203125 0.462231044289 -0.347494624355
1570.0 289.515625 0.46232317219 -0.347563888227
