1470.0 124.578125 0.327851052727 -0.25036822836
1471.0 125.890625 0.32788810394 -0.250386108639
1472.0 127.203125 0.327924767796 -0.250403438792
1473.0 128.515625 0.327935132921 -0.250406374086
1474.0 129.828125 0.327926068574 -0.250402734562
1475.0 131.140625 0.327914697888 -0.25039916593
1476.0 132.453125 0.327922864992 -0.250403588932
1477.0 133.765625 0.327926641293 -0.250402287703
1478.0 135.078125 0.32792321076 -0.25039809687
1479.0 136.390625 0.327910593875 -0.250387322347
1480.0 137.703125 0.327882536764 -0.250365794896
1481.0 138.984375 0.327886250753 -0.25037709366
1482.0 140.296875 0.327903226041 -0.250390004125
1483.0 141.609375 0.327921713025 -0.250398127903
1484.0 142.921875 0.327919228555 -0.250396490845
1485.0 144.234375 0.327922074242 -0.25039874199
1486.0 145.546875 0.327921287563 -0.250399014357
1487.0 146.859375 0.327923015366 -0.250400141645
1488.0 148.171875 0.327920590932 -0.250398366012
1489.0 149.484375 0.327912386472 -0.2503928069
1490.0 150.796875 0.327903938309 -0.250386063495
1491.0 152.109375 0.327885469557 -0.250372692973
1492.0 153.390625 0.327900150634 -0.25038336968
1493.0 154.703125 0.327913945629 -0.250394114132
1494.0 156.015625 0.327922932248 -0.250401206706
1495.0 157.328125 0.327928336847 -0.250405525208
1496.0 158.640625 0.327931946701 -0.250407809101
1497.0 159.953125 0.327929404854 -0.250406137904
1498.0 161.265625 0.327925738418 -0.250402877413
1499.0 162.578125 0.327916956052 -0.250396167605
1500.0 163.890625 0.327906037913 -0.250387447168
1501.0 165.203125 0.327890014572 -0.250375334827
1502.0 166.484375 0.327875918759 -0.25036441933
1503.0 167.796875 0.327891472745 -0.250376402085
1504.0 169.109375 0.3279040736 -0.250386017349
1505.0 170.421875 0.327912836495 -0.250392848482
1506.0 171.734375 0.327918767904 -0.250397363718
1507.0 173.046875 0.327921159562 -0.250399220359
1508.0 174.359375 0.327920416098 -0.250398601678
1509.0 175.671875 0.327916265591 -0.250395380259
1510.0 176.984375 0.327908618571 -0.250389509656
1511.0 178.296875 0.327897498899 -0.250380999862
1512.0 179.609375 0.327882706818 -0.250369751304
1513.0 180.890625 0.327877651099 -0.250365882779
1514.0 182.203125 0.327893933862 -0.250378426979
1515.0 183.515625 0.327907158156 -0.250388502732
1516.0 184.828125 0.327916480798 -0.250395711886
1517.0 186.140625 0.327922812972 -0.250400475859
1518.0 187.453125 0.327925103925 -0.2504023047
1519.0 188.765625 0.327924405662 -0.250401689221
1520.0 190.078125 0.327919592647 -0.250398100011
1521.0 191.390625 0.327911743324 -0.250392038303
1522.0 192.703125 0.327899738166 -0.250382977544
1523.0 194.015625 0.327884763092 -0.250371468432
1524.0 195.296875 0.327887906832 -0.250373975131
1525.0 196.609375 0.327904083954 -0.250386249672
1526.0 197.921875 0.327916090548 -0.250395513455
1527.0 199.234375 0.327925158836 -0.250402344332
1528.0 200.546875 0.327929952153 -0.250406115533
1529.0 201.859375 0.327931850566 -0.250407471985
1530.0 203.171875 0.327929485489 -0.250405772469
1531.0 204.484375 0.327924195869 -0.250401640639
1532.0 205.796875 0.327914648204 -0.250394452861
1533.0 207.109375 0.327902200353 -0.250384844148
1534.0 208.421875 0.327885445104 -0.250372158429
1535.0 209.703125 0.327897806879 -0.250381504325
1536.0 211.015625 0.327912230212 -0.250392616793
1537.0 212.328125 0.327923713715 -0.250401293146
1538.0 213.640625 0.327930929638 -0.250406909589
1539.0 214.953125 0.327935265363 -0.250410117686
1540.0 216.265625 0.32793532144 -0.250410258555
1541.0 217.578125 0.327932487829 -0.250407985543
1542.0 218.890625 0.327925360358 -0.250402641591
1543.0 220.203125 0.327915331345 -0.25039487877
1544.0 221.515625 0.327900998686 -0.250384042868
1545.0 222.796875 0.327887296989 -0.25037349296
1546.0 224.109375 0.327904163177 -0.250386469569
1547.0 225.421875 0.327918087245 -0.250397010386
1548.0 226.734375 0.327927782611 -0.250404510498
1549.0 228.046875 0.327934583737 -0.25040959776
1550.0 229.359375 0.327937124631 -0.250411630013
1551.0 230.671875 0.327936761594 -0.250411245575
1552.0 231.984375 0.327932119233 -0.250407799359
1553.0 233.296875 0.327924572663 -0.250401936548
1554.0 234.609375 0.327912759783 -0.250393019283
1555.0 235.921875 0.327898039388 -0.250381682973
1556.0 237.203125 0.327892496974 -0.250377550674
1557.0 238.515625 0.327908943738 -0.250390015465
1558.0 239.828125 0.327921191112 -0.250399458468
1559.0 241.140625 0.327930503809 -0.250406470309
1560.0 242.453125 0.327935601154 -0.250410453814
1561.0 243.765625 0.327937756928 -0.250412003573
1562.0 245.078125 0.327935706675 -0.250410528654
1563.0 246.390625 0.327930703552 -0.250406615321
1564.0 247.703125 0.327921513522 -0.250399686171
1565.0 249.015625 0.327909352447 -0.250390310806
1566.0 250.328125 0.327893029838 -0.250377931137
1567.0 251.609375 0.327896938163 -0.250380830635
1568.0 252.921875 0.327911790093 -0.250392259068
1569.0 254.234375 0.327923680671 -0.25040124807
1570.0 255.546875 0.327931394745 -0.250407226134
