1470.0 96.328125 0.219759160964 -0.170142907179
1471.0 97.609375 0.219765470028 -0.170147651591
1472.0 98.921875 0.219756676429 -0.170137413463
1473.0 100.203125 0.219752481174 -0.170145374614
1474.0 101.484375 0.219735756627 -0.170143808939
1475.0 102.796875 0.219724576645 -0.170129946998
1476.0 104.078125 0.219733669052 -0.170141023457
1477.0 105.359375 0.219731303046 -0.170137328106
1478.0 106.671875 0.21972418177 -0.170129034402
1479.0 107.953125 0.219756213745 -0.170147425643
1480.0 109.234375 0.219763767745 -0.17014742951
1481.0 110.546875 0.219741761714 -0.170130563252
1482.0 111.828125 0.219751020499 -0.170138869002
1483.0 113.109375 0.219761997439 -0.170144556033
1484.0 114.421875 0.219744815793 -0.170132594978
1485.0 115.703125 0.219754980761 -0.170141654949
1486.0 116.984375 0.219757227787 -0.170143413858
1487.0 118.296875 0.219744372869 -0.170131945157
1488.0 119.578125 0.219759220965 -0.170144334242
1489.0 120.859375 0.219758980563 -0.170143800719
1490.0 122.171875 0.219738310418 -0.170128740686
1491.0 123.453125 0.21976072285 -0.170144729547
1492.0 124.734375 0.219759589478 -0.170143920074
1493.0 126.046875 0.219738994054 -0.170129075393
1494.0 127.328125 0.219758892108 -0.170144127145
1495.0 128.609375 0.219761045865 -0.17014497312
1496.0 129.921875 0.219738843205 -0.170128829685
1497.0 131.203125 0.219759303428 -0.170144319239
1498.0 132.484375 0.219760016347 -0.170144419727
1499.0 133.796875 0.219738140692 -0.170128119877
1500.0 135.078125 0.219759552861 -0.170144140262
1501.0 136.359375 0.219758610592 -0.170143507615
1502.0 137.640625 0.2197378344 -0.17012763992
1503.0 138.953125 0.219758738615 -0.170143469504
1504.0 140.234375 0.219758120481 -0.170143168645
1505.0 141.515625 0.219738384473 -0.170127964863
1506.0 142.828125 0.219758227581 -0.170143125951
1507.0 144.109375 0.219758493246 -0.17014341791
1508.0 145.390625 0.219739548138 -0.17012871952
1509.0 146.703125 0.219758223544 -0.170143186289
1510.0 147.984375 0.219759331349 -0.170144007843
1511.0 149.265625 0.219740555004 -0.170129507653
1512.0 150.578125 0.219758436075 -0.170143427885
1513.0 151.859375 0.219759929214 -0.170144539636
1514.0 153.140625 0.219741466957 -0.170130288014
1515.0 154.453125 0.219758704439 -0.17014369876
1516.0 155.734375 0.219760353952 -0.170144984018
1517.0 157.015625 0.219742388896 -0.170131052102
1518.0 158.328125 0.219758800323 -0.170143850587
1519.0 159.609375 0.21976092407 -0.170145447758
1520.0 160.890625 0.219743227051 -0.170131726302
1521.0 162.203125 0.219759099861 -0.170144032909
1522.0 163.484375 0.219761392499 -0.17014580166
1523.0 164.765625 0.219744032671 -0.170132323418
1524.0 166.078125 0.219759093723 -0.170144012288
1525.0 167.359375 0.219761607116 -0.1701459776
1526.0 168.640625 0.219744547291 -0.170132729886
1527.0 169.953125 0.219758842748 -0.170143823391
1528.0 171.234375 0.219761693795 -0.170146040668
1529.0 172.515625 0.219744893675 -0.170133010609
1530.0 173.828125 0.219758519834 -0.170143557491
1531.0 175.109375 0.219761629993 -0.170145994505
1532.0 176.390625 0.219745113249 -0.170133196384
1533.0 177.703125 0.219758097184 -0.170143215614
1534.0 178.984375 0.219761519477 -0.170145897879
1535.0 180.265625 0.219745384805 -0.170133380228
1536.0 181.578125 0.219757626914 -0.170142832901
1537.0 182.859375 0.219761441254 -0.170145798239
1538.0 184.140625 0.219745520556 -0.170133488082
1539.0 185.453125 0.219757113806 -0.17014242173
1540.0 186.734375 0.21976123164 -0.170145631864
1541.0 188.015625 0.219745671552 -0.170133596458
1542.0 189.328125 0.219756549215 -0.170141986408
1543.0 190.609375 0.219761063697 -0.17014548436
1544.0 191.890625 0.219745839711 -0.170133712944
1545.0 193.203125 0.219755987341 -0.170141556464
1546.0 194.484375 0.21976089541 -0.170145342008
1547.0 195.765625 0.219745950076 -0.170133808649
1548.0 197.078125 0.21975549277 -0.170141164886
1549.0 198.359375 0.21976069142 -0.170145192276
1550.0 199.640625 0.219746215404 -0.170133983009
1551.0 200.953125 0.21975494674 -0.170140759557
1552.0 202.234375 0.219760603928 -0.170145106152
1553.0 203.515625 0.219746381043 -0.170134122656
1554.0 204.828125 0.219754512241 -0.1701404157
1555.0 206.109375 0.219760449973 -0.170145001675
1556.0 207.390625 0.219746658012 -0.170134323635
1557.0 208.703125 0.219754067629 -0.170140078221
1558.0 209.984375 0.219760377207 -0.170144945369
1559.0 211.265625 0.219746952203 -0.170134544197
1560.0 212.578125 0.219753666599 -0.17013977117
1561.0 213.859375 0.219760340151 -0.170144916413
1562.0 215.140625 0.219747221 -0.170134764028
1563.0 216.453125 0.219753355753 -0.170139515063
1564.0 217.734375 0.219760282763 -0.170144888406
1565.0 219.015625 0.21974762497 -0.170135055656
1566.0 220.328125 0.219752983924 -0.170139240596
1567.0 221.609375 0.219760345073 -0.170144923538
1568.0 222.890625 0.219747925995 -0.170135309926
1569.0 224.203125 0.219752745056 -0.170139034757
1570.0 225.484375 0.219760342817 -0.170144937182
