1970.0 109.828125 0.134078858538 -0.105061878333
1971.0 111.078125 0.134092035031 -0.105065218019
1972.0 112.359375 0.134112699072 -0.105073592824
1973.0 113.640625 0.134122341469 -0.105078251322
1974.0 114.921875 0.134126917734 -0.105078358251
1975.0 116.203125 0.134127958723 -0.105078067956
1976.0 117.484375 0.134114317495 -0.105071230661
1977.0 118.734375 0.134089924761 -0.105063516568
1978.0 120.015625 0.134083643458 -0.105061451122
1979.0 121.296875 0.134082458408 -0.105062347752
1980.0 122.578125 0.13408146631 -0.105057719404
1981.0 123.859375 0.134086130196 -0.105065479244
1982.0 125.140625 0.13409403134 -0.105068325987
1983.0 126.421875 0.134099362906 -0.105069118416
1984.0 127.671875 0.134106870507 -0.105072862273
1985.0 128.953125 0.13410845067 -0.105075654125
1986.0 130.234375 0.134104858215 -0.10507563729
1987.0 131.515625 0.134100687972 -0.105072419686
1988.0 132.796875 0.134101427025 -0.105070936587
1989.0 134.078125 0.134093190676 -0.105062387601
1990.0 135.328125 0.134085796357 -0.105058156084
1991.0 136.609375 0.134089260167 -0.105061130499
1992.0 137.890625 0.134097529292 -0.105066923426
1993.0 139.171875 0.134100173205 -0.105069672044
1994.0 140.453125 0.134102249682 -0.105071878036
1995.0 141.734375 0.134100152765 -0.105070750711
1996.0 142.984375 0.134097278454 -0.105068283361
1997.0 144.265625 0.134101945793 -0.105071600416
1998.0 145.546875 0.13410350657 -0.105072758642
1999.0 146.828125 0.134102266083 -0.105072039892
2000.0 148.109375 0.134101208488 -0.105070619619
2001.0 149.390625 0.134098704086 -0.105068409471
2002.0 150.671875 0.134090977797 -0.105063219193
2003.0 151.921875 0.134095767727 -0.105065976527
2004.0 153.203125 0.134097872132 -0.105067840865
2005.0 154.484375 0.134097536052 -0.105068155743
2006.0 155.765625 0.134100593146 -0.105069623722
2007.0 157.046875 0.134096934253 -0.105067421913
2008.0 158.328125 0.13409380801 -0.10506508322
2009.0 159.578125 0.134095371275 -0.105065769725
2010.0 160.859375 0.134097827203 -0.105068201884
2011.0 162.140625 0.134100545255 -0.105070286492
2012.0 163.421875 0.134101671211 -0.105071035448
2013.0 164.703125 0.134100060865 -0.105069984155
2014.0 165.984375 0.134097513336 -0.105067971333
2015.0 167.234375 0.134094793693 -0.105065734634
2016.0 168.515625 0.134098785987 -0.105068951851
2017.0 169.796875 0.1341014947 -0.105071025695
2018.0 171.078125 0.134102321306 -0.105071672697
2019.0 172.359375 0.134101419315 -0.105070994289
2020.0 173.640625 0.134098996126 -0.105069056051
2021.0 174.921875 0.134094665541 -0.10506570647
2022.0 176.171875 0.134097694404 -0.105068009105
2023.0 177.453125 0.134100382264 -0.105070162506
2024.0 178.734375 0.134101581095 -0.10507108878
2025.0 180.015625 0.134101006636 -0.105070677766
2026.0 181.296875 0.134098902069 -0.105069022223
2027.0 182.578125 0.134095145927 -0.105066081975
2028.0 183.828125 0.134095382783 -0.105066244632
2029.0 185.109375 0.134098731558 -0.105068859619
2030.0 186.390625 0.134100448497 -0.105070197456
2031.0 187.671875 0.13410052079 -0.105070256619
2032.0 188.953125 0.134099018612 -0.10506906265
2033.0 190.234375 0.134095894209 -0.105066596367
2034.0 191.484375 0.134093494199 -0.105064707675
2035.0 192.765625 0.134097478895 -0.105067800253
2036.0 194.046875 0.134099733082 -0.105069578756
2037.0 195.328125 0.1341004303 -0.105070112269
2038.0 196.609375 0.134099395137 -0.105069328643
2039.0 197.890625 0.134096868073 -0.105067324847
2040.0 199.171875 0.134092609769 -0.10506400355
2041.0 200.421875 0.134096312542 -0.10506688906
2042.0 201.703125 0.134099123471 -0.105069109497
2043.0 202.984375 0.134100308173 -0.105070051508
2044.0 204.265625 0.134099886916 -0.105069730805
2045.0 205.546875 0.134097827674 -0.10506812381
2046.0 206.828125 0.134094190892 -0.105065264391
2047.0 208.078125 0.134095205508 -0.105066060994
2048.0 209.359375 0.134098587955 -0.105068715888
2049.0 210.640625 0.13410034803 -0.105070094449
2050.0 211.921875 0.134100432456 -0.105070175745
2051.0 213.203125 0.134098967383 -0.105069010256
2052.0 214.484375 0.134095775054 -0.105066522619
2053.0 215.734375 0.134094194009 -0.105065266189
2054.0 217.015625 0.134098061025 -0.10506830719
2055.0 218.296875 0.134100343557 -0.105070090668
2056.0 219.578125 0.134100948967 -0.105070571255
2057.0 220.859375 0.134099916374 -0.1050697694
2058.0 222.140625 0.134097292771 -0.105067700304
2059.0 223.421875 0.134092944945 -0.105064311395
2060.0 224.671875 0.134097414791 -0.105067786835
2061.0 225.953125 0.134100075619 -0.105069905974
2062.0 227.234375 0.134101254784 -0.105070805433
2063.0 228.515625 0.134100645755 -0.105070358237
2064.0 229.796875 0.134098528353 -0.10506867809
2065.0 231.078125 0.134094676373 -0.105065674292
2066.0 232.328125 0.134096422744 -0.105067036107
2067.0 233.609375 0.134099681718 -0.105069583002
2068.0 234.890625 0.13410123713 -0.105070815333
2069.0 236.171875 0.134101219658 -0.105070792374
2070.0 237.453125 0.134099488692 -0.105069450159
