1970.0 82.578125 0.0685912364263 -0.054262542118
1971.0 83.828125 0.0686021536066 -0.0542648727695
1972.0 85.109375 0.0686051062384 -0.054267660705
1973.0 86.359375 0.0685961979792 -0.0542693076654
1974.0 87.640625 0.0685936371808 -0.0542667466888
1975.0 88.890625 0.0685910716057 -0.0542656494099
1976.0 90.140625 0.0685773342601 -0.0542600862933
1977.0 91.421875 0.0685671895959 -0.0542561900072
1978.0 92.671875 0.0685647246936 -0.0542561569332
1979.0 93.953125 0.0685725276459 -0.0542595128047
1980.0 95.203125 0.0685701734729 -0.0542634946728
1981.0 96.484375 0.0685735654622 -0.0542669926908
1982.0 97.734375 0.0685820663927 -0.0542648123504
1983.0 99.015625 0.0685872892348 -0.0542697730265
1984.0 100.265625 0.0685883240233 -0.0542675125175
1985.0 101.546875 0.0685812689231 -0.0542616554836
1986.0 102.796875 0.0685817676108 -0.0542613457242
1987.0 104.046875 0.0685784598292 -0.0542599497775
1988.0 105.328125 0.0685770563929 -0.0542611554512
1989.0 106.578125 0.0685783134772 -0.0542622098294
1990.0 107.859375 0.0685854541896 -0.0542677296819
1991.0 109.109375 0.0685893985014 -0.0542706945484
1992.0 110.390625 0.0685916275365 -0.0542741697959
1993.0 111.640625 0.0685951900953 -0.0542784551563
1994.0 112.890625 0.0685815580393 -0.0542656916502
1995.0 114.171875 0.0685813545299 -0.0542617634009
1996.0 115.421875 0.0685759634701 -0.0542579036661
1997.0 116.703125 0.0685795778643 -0.0542620191105
1998.0 117.953125 0.0685799911569 -0.054264047193
1999.0 119.234375 0.0685889789581 -0.0542697190715
2000.0 120.484375 0.0685885871131 -0.054270349166
2001.0 121.765625 0.0685879558825 -0.0542700821215
2002.0 123.015625 0.0685886398759 -0.0542699369372
2003.0 124.296875 0.0685869284123 -0.0542677208816
2004.0 125.546875 0.0685849521217 -0.0542669870684
2005.0 126.796875 0.0685824445551 -0.0542651518719
2006.0 128.078125 0.0685862870501 -0.0542668662583
2007.0 129.328125 0.0685827182167 -0.0542653159912
2008.0 130.609375 0.0685833892363 -0.0542661150077
2009.0 131.859375 0.0685864289618 -0.0542676622142
2010.0 133.140625 0.0685864779359 -0.0542680073705
2011.0 134.390625 0.0685863703609 -0.0542686768193
2012.0 135.671875 0.0685875174159 -0.0542688175103
2013.0 136.921875 0.0685907548741 -0.0542711799694
2014.0 138.171875 0.0685875307899 -0.0542694158167
2015.0 139.453125 0.0685908382475 -0.0542714056062
2016.0 140.703125 0.0685903519958 -0.0542709460012
2017.0 141.984375 0.0685894302914 -0.0542705382468
2018.0 143.234375 0.068590335992 -0.0542710204271
2019.0 144.515625 0.068588226728 -0.0542695139184
2020.0 145.765625 0.0685897785122 -0.0542705562031
2021.0 147.046875 0.0685874453269 -0.0542686543951
2022.0 148.296875 0.0685884968301 -0.0542696985661
2023.0 149.546875 0.0685877949821 -0.0542689131274
2024.0 150.828125 0.0685886402376 -0.0542695319237
2025.0 152.078125 0.0685875691408 -0.0542688849064
2026.0 153.359375 0.0685882875984 -0.054269185433
2027.0 154.609375 0.0685885301626 -0.0542694625953
2028.0 155.890625 0.0685872471405 -0.0542685753705
2029.0 157.140625 0.0685893064235 -0.0542700155422
2030.0 158.390625 0.0685871233954 -0.0542684521133
2031.0 159.671875 0.0685895019554 -0.0542703289791
2032.0 160.921875 0.0685888019856 -0.0542697515912
2033.0 162.203125 0.0685898792903 -0.0542707416269
2034.0 163.453125 0.0685902012146 -0.0542709113041
2035.0 164.734375 0.0685905143454 -0.0542712061314
2036.0 165.984375 0.0685912780815 -0.0542718961063
2037.0 167.265625 0.0685907912161 -0.0542714637614
2038.0 168.515625 0.068592647135 -0.0542729080233
2039.0 169.765625 0.0685911072418 -0.0542717116691
2040.0 171.046875 0.0685934757166 -0.0542736046361
2041.0 172.296875 0.0685928174372 -0.0542730700157
2042.0 173.578125 0.0685942998799 -0.0542741674857
2043.0 174.828125 0.0685943049533 -0.0542742125495
2044.0 176.109375 0.0685944484784 -0.0542743304534
2045.0 177.359375 0.0685954170782 -0.0542750647651
2046.0 178.640625 0.0685942805136 -0.0542742198742
2047.0 179.890625 0.0685960537952 -0.0542755906639
2048.0 181.140625 0.0685943288665 -0.05427426521
2049.0 182.421875 0.0685962676528 -0.0542758018834
2050.0 183.671875 0.0685954931049 -0.0542751691891
2051.0 184.953125 0.0685959705884 -0.0542756807415
2052.0 186.203125 0.0685961675985 -0.0542757509222
2053.0 187.484375 0.0685956898086 -0.054275435832
2054.0 188.734375 0.0685964449955 -0.0542760440278
2055.0 190.015625 0.0685949484632 -0.0542748955169
2056.0 191.265625 0.0685965262235 -0.0542761437088
2057.0 192.515625 0.0685950616389 -0.0542748982318
2058.0 193.796875 0.0685963568439 -0.0542760398964
2059.0 195.046875 0.0685956142937 -0.0542754038601
2060.0 196.328125 0.0685962123749 -0.0542758424479
2061.0 197.578125 0.0685961055261 -0.05427578355
2062.0 198.859375 0.0685956992958 -0.0542754084546
2063.0 200.109375 0.0685963674097 -0.0542759840984
2064.0 201.390625 0.0685950199587 -0.054274812639
2065.0 202.640625 0.0685965614464 -0.0542760695389
2066.0 203.890625 0.0685948894789 -0.0542747633359
2067.0 205.171875 0.068596549629 -0.0542759944147
2068.0 206.421875 0.0685956589306 -0.0542753243468
2069.0 207.703125 0.0685962288927 -0.0542756987257
2070.0 208.953125 0.0685961701907 -0.0542756785093
