40.0 65.359375 2.24853199023 -1.49027913409
41.0 66.859375 2.2482377443 -1.4900845087
42.0 68.359375 2.2455912282 -1.48833181302
43.0 69.890625 2.24763631695 -1.48968892681
44.0 71.390625 2.24864181037 -1.49035545196
45.0 72.890625 2.24729257169 -1.48946207123
46.0 74.421875 2.24602050178 -1.48862194181
47.0 75.921875 2.24832712222 -1.4901502081
48.0 77.421875 2.248280679 -1.49011978123
49.0 78.921875 2.24588507503 -1.48853325847
50.0 80.453125 2.24728958824 -1.48946617793
51.0 81.953125 2.24854803475 -1.49030014274
52.0 83.453125 2.24745463237 -1.48957620778
53.0 84.984375 2.24552692146 -1.48830186458
54.0 86.484375 2.24808979705 -1.48999978951
55.0 87.984375 2.24830336752 -1.49014166886
56.0 89.484375 2.24617052817 -1.48872919609
57.0 91.015625 2.24690212633 -1.48921634094
58.0 92.515625 2.2484246474 -1.49022526022
59.0 94.015625 2.24759961598 -1.48967909889
60.0 95.546875 2.24498352564 -1.48794876379
61.0 97.046875 2.24781429111 -1.4898241516
62.0 98.546875 2.2483009091 -1.49014687215
63.0 100.046875 2.24644379878 -1.48891702274
64.0 101.578125 2.24646856682 -1.48893598671
65.0 103.078125 2.24826804448 -1.49012832033
66.0 104.578125 2.24772338197 -1.48976793607
67.0 106.078125 2.24484313285 -1.48786024353
68.0 107.609375 2.24749677056 -1.48962065509
69.0 109.109375 2.24826829808 -1.49013212882
70.0 110.609375 2.24669965508 -1.48909332652
71.0 112.140625 2.24598429546 -1.48862204746
72.0 113.640625 2.24807287461 -1.49000585834
73.0 115.140625 2.24782146296 -1.48983971549
74.0 116.640625 2.24523628474 -1.48812751682
75.0 118.171875 2.24713247856 -1.48938617916
76.0 119.671875 2.24820151171 -1.49009470591
77.0 121.171875 2.24693328331 -1.48925497597
78.0 122.703125 2.24544489747 -1.48827157791
79.0 124.203125 2.24783448401 -1.48985479623
80.0 125.703125 2.24788854553 -1.48989100112
81.0 127.203125 2.24561133581 -1.48838280605
82.0 128.734375 2.24671633931 -1.48911737318
83.0 130.234375 2.24809527117 -1.49003115046
84.0 131.734375 2.24714018269 -1.48939885568
85.0 133.265625 2.24484544341 -1.48788132866
86.0 134.765625 2.24754807292 -1.48967189819
87.0 136.265625 2.24792001505 -1.4899186823
88.0 137.765625 2.24596299915 -1.48862262706
89.0 139.296875 2.2462436175 -1.4888110704
90.0 140.796875 2.24794432597 -1.48993800728
91.0 142.296875 2.24731485474 -1.48952141387
92.0 143.796875 2.24436442151 -1.48756718012
93.0 145.328125 2.24720818209 -1.48945360497
94.0 146.828125 2.24791043786 -1.48991917115
95.0 148.328125 2.24628623247 -1.48884359862
96.0 149.859375 2.24570896113 -1.48846374159
97.0 151.359375 2.24774350809 -1.48981180803
98.0 152.859375 2.24745205464 -1.48961913816
99.0 154.359375 2.24484115095 -1.48788985553
100.0 155.890625 2.24680976177 -1.48919651826
101.0 157.390625 2.24785429104 -1.48988881391
102.0 158.890625 2.24657543335 -1.48904202855
103.0 160.421875 2.24510691469 -1.48807177757
104.0 161.921875 2.2474871692 -1.48964885046
105.0 163.421875 2.24754609499 -1.48968827089
106.0 164.921875 2.24528737549 -1.48819232123
107.0 166.453125 2.24634698364 -1.48889680908
108.0 167.953125 2.24774592508 -1.489823868
109.0 169.453125 2.24682487162 -1.48921411475
110.0 170.984375 2.24443186144 -1.48763145787
111.0 172.484375 2.24716972863 -1.48944540417
112.0 173.984375 2.24759113387 -1.48972494786
113.0 175.484375 2.24569718412 -1.48847065875
114.0 177.015625 2.24581418445 -1.48855070889
115.0 178.515625 2.24757942644 -1.48972042034
