40.0 64.046875 1.81361277149 -1.2288801119
41.0 65.515625 1.81446117578 -1.22945491225
42.0 66.984375 1.81440766889 -1.22941897793
43.0 68.453125 1.81345314127 -1.22877277425
44.0 69.953125 1.8129703184 -1.22844648682
45.0 71.421875 1.81419453614 -1.22927572793
46.0 72.890625 1.81451900465 -1.22949542975
47.0 74.359375 1.81393952707 -1.22910338741
48.0 75.828125 1.81246124474 -1.22810257516
49.0 77.328125 1.81377269783 -1.2289912272
50.0 78.796875 1.81447153457 -1.2294648375
51.0 80.265625 1.81427004695 -1.22932854401
52.0 81.734375 1.81316874254 -1.22858282166
53.0 83.234375 1.81319349909 -1.22860007497
54.0 84.703125 1.8142676923 -1.22932810043
55.0 86.171875 1.8144432406 -1.2294472334
56.0 87.640625 1.81371967913 -1.22895722884
57.0 89.140625 1.81245487906 -1.22810110553
58.0 90.609375 1.81390641267 -1.22908451093
59.0 92.078125 1.81445936133 -1.2294593413
60.0 93.546875 1.81411287968 -1.22922490054
61.0 95.015625 1.81286792379 -1.22838188822
62.0 96.515625 1.81338532803 -1.22873280956
63.0 97.984375 1.81431665614 -1.22936383059
64.0 99.453125 1.81434799104 -1.22938543407
65.0 100.921875 1.81348100522 -1.22879849457
66.0 102.421875 1.81270370179 -1.22827242433
67.0 103.890625 1.81401293406 -1.22915945929
68.0 105.359375 1.81442395784 -1.22943815522
69.0 106.828125 1.81393651685 -1.22910821913
70.0 108.296875 1.81255246502 -1.22817092964
71.0 109.796875 1.81354845126 -1.22884616739
72.0 111.265625 1.81433981323 -1.22938236895
73.0 112.734375 1.81423248886 -1.22930991542
74.0 114.203125 1.81322720857 -1.22862928985
75.0 115.703125 1.81292294622 -1.22842372681
76.0 117.171875 1.81409413527 -1.22921720409
77.0 118.640625 1.8143674352 -1.22940260468
78.0 120.109375 1.81374271384 -1.22897975245
79.0 121.578125 1.81222301655 -1.22795059271
80.0 123.078125 1.81368603066 -1.22894206516
81.0 124.546875 1.81434064189 -1.22938573164
82.0 126.015625 1.81409778768 -1.22922148379
83.0 127.484375 1.81295870303 -1.22845016255
84.0 128.984375 1.81311492372 -1.22855652579
85.0 130.453125 1.81415126035 -1.22925871487
86.0 131.921875 1.81429093132 -1.22935355093
87.0 133.390625 1.81353365449 -1.22884086446
88.0 134.890625 1.81238032288 -1.22806022871
89.0 136.359375 1.81379846213 -1.22902099053
90.0 137.828125 1.8143209223 -1.22937511733
91.0 139.296875 1.81394648745 -1.22912177618
92.0 140.765625 1.81267708759 -1.22826220113
93.0 142.265625 1.81328127893 -1.22867192387
94.0 143.734375 1.81418676054 -1.22928551837
95.0 145.203125 1.81419614673 -1.22929216501
96.0 146.671875 1.81331023246 -1.22869230892
97.0 148.171875 1.81259872466 -1.22821091009
98.0 149.640625 1.81388774936 -1.22908424536
99.0 151.109375 1.81428178457 -1.22935139206
100.0 152.578125 1.81378007509 -1.22901182068
101.0 154.046875 1.8123846008 -1.22806683943
102.0 155.546875 1.81342297974 -1.22877070188
103.0 157.015625 1.8142020244 -1.22929860372
104.0 158.484375 1.8140854848 -1.22921994469
105.0 159.953125 1.81307437354 -1.22853534846
106.0 161.453125 1.81279174043 -1.22834439891
107.0 162.921875 1.81395568996 -1.229133032
108.0 164.390625 1.8142252208 -1.22931586033
109.0 165.859375 1.81360002593 -1.22889264159
110.0 167.328125 1.81208259296 -1.22786502494
111.0 168.828125 1.81354215519 -1.22885420415
112.0 170.296875 1.81419826409 -1.22929886177
113.0 171.765625 1.81395996554 -1.2291376885
114.0 173.234375 1.81282824436 -1.22837136294
115.0 174.734375 1.81296087697 -1.2284617349
