40.0 62.671875 1.42554286548 -0.988610892374
41.0 64.140625 1.42501565701 -0.988245574217
42.0 65.578125 1.42561009901 -0.988657809698
43.0 67.015625 1.42600093666 -0.988928868708
44.0 68.453125 1.42618826111 -0.989058751533
45.0 69.890625 1.4261705644 -0.989046646877
46.0 71.328125 1.42594863091 -0.98889298992
47.0 72.765625 1.42552386953 -0.988598505643
48.0 74.234375 1.4250011458 -0.988236099699
49.0 75.671875 1.42559552347 -0.988648381046
50.0 77.109375 1.4259865157 -0.988919607353
51.0 78.546875 1.42617408537 -0.98904970025
52.0 79.984375 1.42615746774 -0.989038232216
53.0 81.421875 1.42593659783 -0.988885176534
54.0 82.859375 1.42551183619 -0.988590776876
55.0 84.328125 1.42498862381 -0.988228210761
56.0 85.765625 1.42558390373 -0.988640980164
57.0 87.203125 1.42597569132 -0.988912648758
58.0 88.640625 1.42616324384 -0.989042775952
59.0 90.078125 1.42614597772 -0.989031031777
60.0 91.515625 1.42592542398 -0.988878210886
61.0 92.953125 1.42550174746 -0.988584430587
62.0 94.421875 1.42497753832 -0.988221071658
63.0 95.859375 1.4255721512 -0.988633555931
64.0 97.296875 1.42596390432 -0.988905261317
65.0 98.734375 1.42615245838 -0.989035975476
66.0 100.171875 1.42613648235 -0.989024981832
67.0 101.609375 1.42591621387 -0.988872420361
68.0 103.046875 1.42549251252 -0.988578751666
69.0 104.515625 1.42496480795 -0.988212961633
70.0 105.953125 1.42556082946 -0.988626251679
71.0 107.390625 1.42595302455 -0.988898300322
72.0 108.828125 1.4261415716 -0.989029137456
73.0 110.265625 1.42612610564 -0.989018531024
74.0 111.703125 1.42590705553 -0.988866755858
75.0 113.140625 1.42548469856 -0.988573941172
76.0 114.609375 1.42495130169 -0.988204275775
77.0 116.046875 1.42554776454 -0.988617931199
78.0 117.484375 1.42594106364 -0.988890706942
79.0 118.921875 1.42613104511 -0.989022451463
80.0 120.359375 1.42611691824 -0.989012742023
81.0 121.796875 1.42589858381 -0.988861534647
82.0 123.234375 1.42547700162 -0.988569347816
83.0 124.703125 1.42493697507 -0.988194973414
84.0 126.140625 1.42553491041 -0.98860959095
85.0 127.578125 1.42592908532 -0.98888302925
86.0 129.015625 1.42611977981 -0.989015371709
87.0 130.453125 1.42610710233 -0.989006646619
88.0 131.890625 1.42589076939 -0.988856730169
89.0 133.328125 1.42547090495 -0.988565711467
90.0 134.796875 1.424921135 -0.988184709893
91.0 136.234375 1.42552042395 -0.988600269854
92.0 137.671875 1.42591656805 -0.988874987009
93.0 139.109375 1.42610912045 -0.989008574424
94.0 140.546875 1.4260979145 -0.989000914415
95.0 141.984375 1.42588305203 -0.98885206765
96.0 143.421875 1.42546492037 -0.988562267292
97.0 144.890625 1.42490489295 -0.988174043398
98.0 146.328125 1.42550571941 -0.988590706488
99.0 147.765625 1.42590339071 -0.98886653284
100.0 149.203125 1.4260976503 -0.98900132947
101.0 150.640625 1.4260886556 -0.988995164379
102.0 152.078125 1.42587618434 -0.988847916988
103.0 153.515625 1.42546025815 -0.988559647374
104.0 154.984375 1.42488694447 -0.988162303301
105.0 156.421875 1.42548998176 -0.988580466182
106.0 157.859375 1.42589002573 -0.988857887854
107.0 159.296875 1.42608660631 -0.988994280403
108.0 160.734375 1.42607956324 -0.988989527186
109.0 162.171875 1.42586929208 -0.988843841722
110.0 163.609375 1.42545593443 -0.988557327517
111.0 165.078125 1.42486846617 -0.98815010247
112.0 166.515625 1.42547352627 -0.988569718537
113.0 167.953125 1.42587578955 -0.988848716802
114.0 169.390625 1.42607493063 -0.988986871023
115.0 170.828125 1.42607080739 -0.988984085815
