40.0 67.921875 3.29107734264
41.0 69.484375 3.29326375977
42.0 71.046875 3.28686440348
43.0 72.640625 3.28978778795
44.0 74.203125 3.29301128678
45.0 75.765625 3.28766782846
46.0 77.359375 3.28831748758
47.0 78.921875 3.29263018292
48.0 80.484375 3.28839925248
49.0 82.078125 3.28664416858
50.0 83.640625 3.29209877803
51.0 85.203125 3.28903586562
52.0 86.796875 3.28474538666
53.0 88.359375 3.291391944
54.0 89.921875 3.28955316171
55.0 91.515625 3.28259747946
56.0 93.078125 3.29048569035
57.0 94.640625 3.28992514874
58.0 96.203125 3.28107253984
59.0 97.796875 3.28935379293
60.0 99.359375 3.29012539868
61.0 0.921875 3.28260656899
62.0 2.515625 3.28796959135
63.0 4.078125 3.29012609751
64.0 5.640625 3.28399829929
65.0 7.234375 3.28630550019
66.0 8.796875 3.28989791411
67.0 10.359375 3.28521813463
68.0 11.953125 3.2843328876
69.0 13.515625 3.28941037837
70.0 15.078125 3.28623515957
71.0 16.671875 3.28202263354
72.0 18.234375 3.28863198226
73.0 19.796875 3.28701477455
74.0 21.390625 3.27932977172
75.0 22.953125 3.28753989801
76.0 24.515625 3.2875137431
77.0 26.078125 3.27945779223
78.0 27.671875 3.28593672214
79.0 29.234375 3.28781668427
80.0 30.796875 3.28120179457
81.0 32.390625 3.28423894454
82.0 33.953125 3.28766468599
83.0 35.515625 3.28295782935
84.0 37.109375 3.28218405959
85.0 38.671875 3.28714088976
86.0 40.234375 3.28424391056
87.0 41.828125 3.27925497171
88.0 43.390625 3.28588915338
89.0 44.953125 3.28522259742
90.0 46.515625 3.27648627388
91.0 48.109375 3.28468564952
92.0 49.671875 3.28544799189
93.0 51.234375 3.27865246886
94.0 52.828125 3.28305708006
95.0 54.390625 3.28592959419
96.0 55.953125 3.28068857751
97.0 57.546875 3.2804649242
98.0 59.109375 3.2851543444
99.0 60.671875 3.28208159647
100.0 62.265625 3.27746007331
101.0 63.828125 3.28429833087
102.0 65.390625 3.28328242747
103.0 66.953125 3.27455362551
104.0 68.546875 3.28266257492
105.0 70.109375 3.28366779028
106.0 71.671875 3.27707540437
107.0 73.265625 3.28093669247
108.0 74.828125 3.28430493805
109.0 76.390625 3.27945925583
110.0 77.984375 3.2778596813
111.0 79.546875 3.28346892549
112.0 81.109375 3.28087478431
113.0 82.703125 3.2743039973
114.0 84.265625 3.28223624198
115.0 85.828125 3.2819860297
116.0 87.390625 3.27471356293
117.0 88.984375 3.27992741103
118.0 90.546875 3.28228212785
119.0 92.109375 3.27697813168
120.0 93.703125 3.27756478321
121.0 95.265625 3.28205330491
122.0 96.828125 3.27947863993
123.0 98.421875 3.27343027535
124.0 99.984375 3.28152286594
125.0 1.546875 3.2782903746
126.0 3.109375 3.27060757337
127.0 4.703125 3.28158299917
128.0 6.265625 3.28474403626
129.0 7.828125 3.2800242655
130.0 9.421875 3.27725537639
131.0 10.984375 3.28131816618
132.0 12.546875 3.27885700922
133.0 14.109375 3.26910125299
134.0 15.703125 3.2749290614
135.0 17.265625 3.27722149241
136.0 18.828125 3.27347972216
137.0 20.421875 3.2729114166
138.0 21.984375 3.28038407342
139.0 23.546875 3.28065642984
140.0 25.140625 3.27280024375
141.0 26.703125 3.27991959211
142.0 28.265625 3.27933783039
143.0 29.828125 3.27213690571
144.0 31.421875 3.27584249816
145.0 32.984375 3.28132013707
146.0 34.546875 3.27735329269
147.0 36.140625 3.27386235778
148.0 37.703125 3.2790070312
149.0 39.265625 3.27787655492
150.0 40.828125 3.27118006581
151.0 42.421875 3.27866435099
152.0 43.984375 3.27925045179
153.0 45.546875 3.27400753093
154.0 47.140625 3.27506221721
155.0 48.703125 3.28032372585
156.0 50.265625 3.27660314199
157.0 51.859375 3.27006615111
158.0 53.421875 3.2790840583
159.0 54.984375 3.27894614822
160.0 56.546875 3.2715535208
161.0 58.140625 3.27626589836
162.0 59.703125 3.27981120679
163.0 61.265625 3.27538919389
164.0 62.859375 3.27201955512
165.0 64.421875 3.27900290912
166.0 65.984375 3.27765990203
167.0 67.546875 3.26982130937
168.0 69.140625 3.27736494451
169.0 70.703125 3.27832214513
170.0 72.265625 3.27393069986
171.0 73.859375 3.27363166244
172.0 75.421875 3.27872259155
173.0 76.984375 3.27715986289
174.0 78.578125 3.26881338014
175.0 80.140625 3.27625530679
176.0 81.703125 3.27781990631
177.0 83.265625 3.27292412194
178.0 84.859375 3.27300010626
179.0 86.421875 3.27896987946
180.0 87.984375 3.27562007153
181.0 89.578125 3.26880361878
182.0 91.140625 3.27709931817
183.0 92.703125 3.27731470809
184.0 94.265625 3.27175494069
185.0 95.859375 3.27405005267
186.0 97.421875 3.27749151952
187.0 98.984375 3.27555753051
188.0 0.578125 3.26836300485
189.0 2.140625 3.27704348042
190.0 3.703125 3.2767480499
191.0 5.265625 3.27145525985
192.0 6.859375 3.27306621371
193.0 8.421875 3.27767041199
194.0 9.984375 3.27427446859
195.0 11.578125 3.26841124967
196.0 13.140625 3.27626819635
197.0 14.703125 3.27662792993
198.0 16.265625 3.27059276293
199.0 17.859375 3.27286379896
200.0 19.421875 3.27726341699
201.0 20.984375 3.27416831655
202.0 22.578125 3.26799265825
203.0 24.140625 3.27549371669
204.0 25.703125 3.27641011517
205.0 27.265625 3.27013775078
206.0 28.859375 3.27234385123
207.0 30.421875 3.27639483125
208.0 31.984375 3.27426143756
209.0 33.578125 3.26647489705
210.0 35.140625 3.2746661599
211.0 36.703125 3.27706934602
212.0 38.265625 3.27004926131
213.0 39.859375 3.27054650154
214.0 41.421875 3.27737963474
215.0 42.984375 3.27455142634
216.0 44.546875 3.2644000164
217.0 46.140625 3.27361516152
218.0 47.703125 3.27720292917
219.0 49.265625 3.27366673486
220.0 50.859375 3.27061397222
221.0 52.421875 3.27479163435
222.0 53.984375 3.27289061926
223.0 55.546875 3.26400612658
224.0 57.140625 3.26882815449
225.0 58.703125 3.27096164302
226.0 60.265625 3.26692446495
227.0 61.859375 3.26528347305
228.0 63.421875 3.27117012899
229.0 64.984375 3.27022257137
230.0 66.546875 3.26233693985
231.0 68.140625 3.26985794794
232.0 69.703125 3.27125537407
233.0 71.265625 3.26529679654
234.0 72.859375 3.26427248599
235.0 74.421875 3.26797940384
236.0 75.984375 3.26522504222
237.0 77.546875 3.25666717013
238.0 79.140625 3.26136397542
239.0 80.703125 3.26433413346
240.0 82.265625 3.26190162379
241.0 83.859375 3.257174992
242.0 85.421875 3.26526113946
243.0 86.984375 3.266648402
244.0 88.546875 3.26027097873
245.0 90.140625 3.2601892335
246.0 91.703125 3.2639327314
247.0 93.265625 3.26190437918
248.0 94.828125 3.25556701874
249.0 96.421875 3.26245674536
250.0 97.984375 3.26494542492
251.0 99.546875 3.26076758836
252.0 1.140625 3.25614426851
253.0 2.703125 3.26149879998
254.0 4.265625 3.2625837234
255.0 5.828125 3.25818728095
256.0 7.421875 3.25901441265
257.0 8.984375 3.26262418825
258.0 10.546875 3.26022127767
259.0 12.109375 3.25358494603
260.0 13.703125 3.26006467695
261.0 15.265625 3.26267417628
262.0 16.828125 3.25861782658
263.0 18.421875 3.25296926703
264.0 19.984375 3.26015047249
265.0 21.546875 3.26178338908
266.0 23.109375 3.25672584355
267.0 24.703125 3.25503750189
268.0 26.265625 3.25999421687
269.0 27.828125 3.26000013316
270.0 29.390625 3.25336716028
271.0 30.984375 3.25632929468
272.0 32.546875 3.25974892768
273.0 34.109375 3.25817227813
274.0 35.671875 3.2502130093
275.0 37.265625 3.25705946915
276.0 38.828125 3.25928483566
277.0 40.390625 3.256652369
278.0 41.984375 3.25184079266
279.0 43.546875 3.25742864625
280.0 45.109375 3.25863108125
281.0 46.671875 3.25396848127
282.0 48.265625 3.25351689141
283.0 49.828125 3.25748217219
284.0 51.390625 3.25781186662
285.0 52.953125 3.25149101038
286.0 54.546875 3.25379030803
287.0 56.109375 3.25765680572
288.0 57.671875 3.25639891931
289.0 59.234375 3.24839086433
290.0 60.828125 3.25469024158
291.0 62.390625 3.25748318763
292.0 63.953125 3.25435931048
293.0 65.546875 3.24748895135
294.0 67.109375 3.25524259646
295.0 68.671875 3.25659553593
296.0 70.234375 3.2521024848
297.0 71.828125 3.24932353231
298.0 73.390625 3.25459406003
299.0 74.953125 3.25655833488
300.0 76.515625 3.25020458567
301.0 78.109375 3.25150456107
302.0 79.671875 3.25548561907
303.0 81.234375 3.25366069962
304.0 82.796875 3.24906533033
305.0 84.390625 3.25239746136
306.0 85.953125 3.2555472643
307.0 87.515625 3.2529881328
308.0 89.078125 3.24555578404
309.0 90.671875 3.25256191517
310.0 92.234375 3.25666733689
311.0 93.796875 3.25352254909
312.0 95.359375 3.24580194332
313.0 96.953125 3.25080098033
314.0 98.515625 3.25171509035
315.0 0.078125 3.24920274618
316.0 1.671875 3.24346577632
317.0 3.234375 3.25153320753
318.0 4.796875 3.25448218537
319.0 6.359375 3.25138209637
320.0 7.953125 3.24864858734
321.0 9.515625 3.25600281569
322.0 11.078125 3.25749698081
323.0 12.640625 3.25437441901
324.0 14.234375 3.25195302997
325.0 15.796875 3.25803040809
326.0 17.359375 3.26082900209
327.0 18.921875 3.25692889523
328.0 20.515625 3.25396870366
329.0 22.078125 3.26149827095
330.0 23.640625 3.26353196954
331.0 25.203125 3.26122462743
332.0 26.796875 3.25873103612
333.0 28.359375 3.26531998589
334.0 29.921875 3.267412985
335.0 31.484375 3.26098580627
336.0 33.078125 3.26126420725
337.0 34.640625 3.26624948829
338.0 36.203125 3.26434986065
339.0 37.765625 3.25775335465
340.0 39.359375 3.25828694381
341.0 40.921875 3.26308692105
342.0 42.484375 3.26188862821
343.0 44.046875 3.25737122792
344.0 45.640625 3.25989846771
345.0 47.203125 3.26497532085
346.0 48.765625 3.26430647685
347.0 50.328125 3.25619316688
348.0 51.921875 3.2597933558
349.0 53.484375 3.26210832854
350.0 55.046875 3.26191058988
351.0 56.609375 3.25493801961
352.0 58.203125 3.25966035549
353.0 59.765625 3.26402588046
354.0 61.328125 3.26187741333
355.0 62.890625 3.25407446675
356.0 64.484375 3.25782976778
357.0 66.046875 3.26190198209
358.0 67.609375 3.26092941167
359.0 69.171875 3.25482434755
360.0 70.765625 3.25883847924
361.0 72.328125 3.26171859352
362.0 73.890625 3.25971166077
363.0 75.453125 3.25323347491
364.0 77.046875 3.25755559788
365.0 78.609375 3.26195549555
366.0 80.171875 3.26026677081
367.0 81.734375 3.2524009907
368.0 83.328125 3.25628150523
369.0 84.890625 3.26075343841
370.0 86.453125 3.2599691372
371.0 88.015625 3.25263092759
372.0 89.609375 3.25575363672
373.0 91.171875 3.25948703675
374.0 92.734375 3.25947776127
375.0 94.296875 3.25295719941
376.0 95.890625 3.25556025747
377.0 97.453125 3.25866850855
378.0 99.015625 3.25811925952
379.0 0.578125 3.25279698188
380.0 2.171875 3.25415257725
381.0 3.734375 3.25823741018
382.0 5.296875 3.25811565686
383.0 6.859375 3.25256682994
384.0 8.453125 3.25287479406
385.0 10.015625 3.25774653954
386.0 11.578125 3.25617154861
387.0 13.140625 3.25285495843
388.0 14.734375 3.25083334056
389.0 16.296875 3.25709455306
390.0 17.859375 3.25672002604
391.0 19.421875 3.25171255368
392.0 21.015625 3.25077700632
393.0 22.578125 3.2560618895
394.0 24.140625 3.25512353563
395.0 25.703125 3.25187896825
396.0 27.296875 3.2490812119
397.0 28.859375 3.25487401213
398.0 30.421875 3.25523182645
399.0 31.984375 3.25166834868
400.0 33.578125 3.24619166134
401.0 35.140625 3.2537985502
402.0 36.703125 3.25599223376
403.0 38.265625 3.25419632401
404.0 39.828125 3.24588462806
405.0 41.421875 3.24947088411
406.0 42.984375 3.25241813552
407.0 44.546875 3.25147129051
408.0 46.109375 3.24512842616
409.0 47.703125 3.24984139276
410.0 49.265625 3.25491413557
411.0 50.828125 3.25497765099
412.0 52.390625 3.24892596489
413.0 53.984375 3.24927841782
414.0 55.546875 3.25436327559
415.0 57.109375 3.25415164154
416.0 58.671875 3.24930456332
417.0 60.265625 3.24395314855
418.0 61.828125 3.24991875785
419.0 63.390625 3.25032215185
420.0 64.953125 3.24747682972
421.0 66.515625 3.23968751682
422.0 68.109375 3.24386498051
423.0 69.671875 3.24630155121
424.0 71.234375 3.24473046195
425.0 72.796875 3.23835966611
426.0 74.390625 3.23812608999
427.0 75.953125 3.24312061863
428.0 77.515625 3.24314668911
429.0 79.078125 3.23920678058
430.0 80.671875 3.23455719532
431.0 82.234375 3.24138057683
432.0 83.796875 3.24446808146
433.0 85.359375 3.24395876146
434.0 86.921875 3.23821645057
435.0 88.515625 3.24260363008
436.0 90.078125 3.24781117654
437.0 91.640625 3.24690415314
438.0 93.203125 3.24139656278
439.0 94.796875 3.24226622854
440.0 96.359375 3.24633508042
441.0 97.921875 3.24562255237
442.0 99.484375 3.2413825461
443.0 1.078125 3.23687681689
444.0 2.640625 3.24335459112
445.0 4.203125 3.24692004167
446.0 5.765625 3.24502323115
447.0 7.328125 3.23843238117
448.0 8.921875 3.24436213781
449.0 10.484375 3.24713800622
450.0 12.046875 3.24539298443
451.0 13.609375 3.23980035536
452.0 15.203125 3.24027251107
453.0 16.765625 3.24547413018
454.0 18.328125 3.24754533996
455.0 19.890625 3.24386139919
456.0 21.484375 3.23897648329
457.0 23.046875 3.24555769162
458.0 24.609375 3.24687974912
459.0 26.171875 3.24431317651
460.0 27.734375 3.2386254298
461.0 29.328125 3.24255086198
462.0 30.890625 3.24780001448
463.0 32.453125 3.2469607461
464.0 34.015625 3.24164658911
465.0 35.609375 3.24013848043
466.0 37.171875 3.24515978928
467.0 38.734375 3.24811772003
468.0 40.296875 3.24543644262
469.0 41.859375 3.23746707548
470.0 43.453125 3.24436150607
471.0 45.015625 3.24677867093
472.0 46.578125 3.24610397631
473.0 48.140625 3.24163777753
474.0 49.734375 3.24110240889
475.0 51.296875 3.2475693104
476.0 52.859375 3.24665711501
477.0 54.421875 3.24297821733
478.0 56.015625 3.23838293359
479.0 57.578125 3.24502953723
480.0 59.140625 3.24823448737
481.0 60.703125 3.24633119305
482.0 62.265625 3.23915540281
483.0 63.859375 3.2422339767
484.0 65.421875 3.24820889068
485.0 66.984375 3.24783924195
486.0 68.546875 3.24271452502
487.0 70.140625 3.2380029207
488.0 71.703125 3.24641555157
489.0 73.265625 3.24851460205
490.0 74.828125 3.24606265475
491.0 76.390625 3.23837007621
492.0 77.984375 3.24164256968
493.0 79.546875 3.24783124048
494.0 81.109375 3.24867095106
495.0 82.671875 3.24427413475
496.0 84.265625 3.23790259058
497.0 85.828125 3.24389641449
498.0 87.390625 3.24721591381
499.0 88.953125 3.24347738718
500.0 90.515625 3.23868141632
501.0 92.109375 3.24193032582
502.0 93.671875 3.24811552379
503.0 95.234375 3.24816385939
504.0 96.796875 3.24501639317
505.0 98.390625 3.23864687849
506.0 99.953125 3.24570459751
507.0 1.515625 3.24794846801
508.0 3.078125 3.24569621756
509.0 4.640625 3.24054999947
510.0 6.234375 3.23823974471
511.0 7.796875 3.24378360466
512.0 9.359375 3.24362198701
513.0 10.921875 3.24034669543
514.0 12.484375 3.23328991873
515.0 14.078125 3.23869721246
516.0 15.640625 3.24127601553
517.0 17.203125 3.23997530708
518.0 18.765625 3.23500380538
519.0 20.359375 3.23330803744
520.0 21.921875 3.23759758633
521.0 23.484375 3.23856890539
522.0 25.046875 3.23559488592
523.0 26.609375 3.22788219238
524.0 28.203125 3.23166292688
525.0 29.765625 3.23501527653
526.0 31.328125 3.23408260824
527.0 32.890625 3.22937460608
528.0 34.484375 3.2236337779
529.0 36.046875 3.22936636185
530.0 37.609375 3.23163627043
531.0 39.171875 3.22985175865
532.0 40.734375 3.22631482004
533.0 42.328125 3.2241857669
534.0 43.890625 3.22988618833
535.0 45.453125 3.2324082066
536.0 47.015625 3.23225997759
537.0 48.578125 3.22715514977
538.0 50.171875 3.2277507595
539.0 51.734375 3.23251738577
540.0 53.296875 3.23378681013
541.0 54.859375 3.2295847137
542.0 56.421875 3.22339979402
543.0 58.015625 3.22750442067
544.0 59.578125 3.23068095421
545.0 61.140625 3.23067658263
546.0 62.703125 3.22859920452
547.0 64.265625 3.22222909317
548.0 65.859375 3.22936312294
549.0 67.421875 3.23295075272
550.0 68.984375 3.23273312936
551.0 70.546875 3.22704741111
552.0 72.140625 3.22390053045
553.0 73.703125 3.22925214495
554.0 75.265625 3.2314616562
555.0 76.828125 3.23053443782
556.0 78.390625 3.22711275313
557.0 79.984375 3.22576982651
558.0 81.546875 3.23086470752
559.0 83.109375 3.23287428843
560.0 84.671875 3.22997739153
561.0 86.234375 3.22427677284
562.0 87.828125 3.22556212778
563.0 89.390625 3.23112627562
564.0 90.953125 3.2323057632
565.0 92.515625 3.23024400177
566.0 94.078125 3.22483509694
567.0 95.671875 3.22618616382
568.0 97.234375 3.23129857557
569.0 98.796875 3.23247836487
570.0 0.359375 3.22911532809
571.0 1.921875 3.22427072384
572.0 3.515625 3.22872711817
573.0 5.078125 3.23093024093
574.0 6.640625 3.23137890002
575.0 8.203125 3.22928989916
576.0 9.765625 3.22405752475
577.0 11.359375 3.22894279062
578.0 12.921875 3.23223510114
579.0 14.484375 3.23180807926
580.0 16.046875 3.22938344185
581.0 17.609375 3.22386202513
582.0 19.203125 3.22909082498
583.0 20.765625 3.2323654747
584.0 22.328125 3.23199623833
585.0 23.890625 3.22848466174
586.0 25.484375 3.223313264
587.0 27.046875 3.23042441737
588.0 28.609375 3.23376846532
589.0 30.171875 3.2330678287
590.0 31.734375 3.22826518229
591.0 33.328125 3.22131152843
592.0 34.890625 3.22908762004
593.0 36.453125 3.23285050352
594.0 38.015625 3.23349057173
595.0 39.578125 3.22991124558
596.0 41.171875 3.22441173632
597.0 42.734375 3.23133384212
598.0 44.296875 3.23532156723
599.0 45.859375 3.23421695672
600.0 47.421875 3.23035984403
601.0 48.984375 3.22342873876
602.0 50.578125 3.22836237075
603.0 52.140625 3.23288607324
604.0 53.703125 3.23194563149
605.0 55.265625 3.2278261095
606.0 56.828125 3.22170721566
607.0 58.421875 3.22832750709
608.0 59.984375 3.23134668909
609.0 61.546875 3.23130603827
610.0 63.109375 3.22734349435
611.0 64.703125 3.22235270834
612.0 66.265625 3.22956518881
613.0 67.828125 3.23181060975
614.0 69.390625 3.23226518202
615.0 70.953125 3.22846392012
616.0 72.546875 3.22407423569
617.0 74.109375 3.23044974277
618.0 75.671875 3.23246315996
619.0 77.234375 3.23239617835
620.0 78.796875 3.22900946563
621.0 80.390625 3.22289058225
622.0 81.953125 3.22863541198
623.0 83.515625 3.23083846799
624.0 85.078125 3.23046947303
625.0 86.640625 3.22634329477
626.0 88.234375 3.21901993263
627.0 89.796875 3.22509312502
628.0 91.359375 3.22713041474
629.0 92.921875 3.22609426508
630.0 94.484375 3.22217449775
631.0 96.046875 3.21626352891
632.0 97.640625 3.21990516403
633.0 99.203125 3.2239942477
634.0 0.765625 3.22491588975
635.0 2.328125 3.22417626458
636.0 3.890625 3.21948782404
637.0 5.484375 3.21986318045
638.0 7.046875 3.22434754869
639.0 8.609375 3.22636446946
640.0 10.171875 3.22525392696
641.0 11.734375 3.21961301566
642.0 13.328125 3.21623031561
643.0 14.890625 3.22115039667
644.0 16.453125 3.22330095111
645.0 18.015625 3.22262875818
646.0 19.578125 3.21965164045
647.0 21.140625 3.21445024455
648.0 22.734375 3.22005727842
649.0 24.296875 3.22341038206
650.0 25.859375 3.22461835147
651.0 27.421875 3.2217708537
652.0 28.984375 3.2158439586
653.0 30.578125 3.21602543573
654.0 32.140625 3.22117935868
655.0 33.703125 3.22214021361
656.0 35.265625 3.22119781873
657.0 36.828125 3.21815920183
658.0 38.421875 3.21444503728
659.0 39.984375 3.22048223472
660.0 41.546875 3.22194487061
661.0 43.109375 3.22221008164
662.0 44.671875 3.21778548155
663.0 46.234375 3.21278778752
664.0 47.828125 3.21695745774
665.0 49.390625 3.22125357195
666.0 50.953125 3.22202869248
667.0 52.515625 3.22001596828
668.0 54.078125 3.21586615045
669.0 55.671875 3.21467843155
670.0 57.234375 3.21813177684
671.0 58.796875 3.22099369649
672.0 60.359375 3.22150374673
673.0 61.921875 3.21860843395
674.0 63.484375 3.21284307208
675.0 65.078125 3.2171237914
676.0 66.640625 3.2201330112
677.0 68.203125 3.22003657677
678.0 69.765625 3.21978655518
679.0 71.328125 3.21590009124
680.0 72.921875 3.21516332402
681.0 74.484375 3.22014955502
682.0 76.046875 3.22180651175
683.0 77.609375 3.22027675806
684.0 79.171875 3.21718649361
685.0 80.734375 3.2116943644
686.0 82.328125 3.21688174699
687.0 83.890625 3.22034551054
688.0 85.453125 3.22181578409
689.0 87.015625 3.22047924075
690.0 88.578125 3.21667133091
691.0 90.171875 3.21537781084
692.0 91.734375 3.22034082529
693.0 93.296875 3.22194190932
694.0 94.859375 3.22157416158
695.0 96.421875 3.21852765487
696.0 97.984375 3.21293030906
697.0 99.578125 3.21516847199
698.0 1.140625 3.21900278588
699.0 2.703125 3.21976628077
700.0 4.265625 3.21915620054
701.0 5.828125 3.2157136649
702.0 7.421875 3.21207188541
703.0 8.984375 3.21750877004
704.0 10.546875 3.22107623816
705.0 12.109375 3.2210852303
706.0 13.671875 3.21907228369
707.0 15.234375 3.21453962976
708.0 16.828125 3.21697038285
709.0 18.390625 3.22156238456
710.0 19.953125 3.22419410916
711.0 21.515625 3.22329716769
712.0 23.078125 3.21997670614
713.0 24.671875 3.21532888261
714.0 26.234375 3.22126766809
715.0 27.796875 3.22492505439
716.0 29.359375 3.22645382366
717.0 30.921875 3.22349409378
718.0 32.484375 3.218406544
719.0 34.078125 3.21939150953
720.0 35.640625 3.22372624501
721.0 37.203125 3.22577310641
722.0 38.765625 3.22461105635
723.0 40.328125 3.21982426613
724.0 41.890625 3.21361938878
725.0 43.484375 3.21910396195
726.0 45.046875 3.22182693887
727.0 46.609375 3.22117382689
728.0 48.171875 3.2189105632
729.0 49.734375 3.21472720134
730.0 51.328125 3.20983412905
731.0 52.890625 3.21442336027
732.0 54.453125 3.21734062731
733.0 56.015625 3.21886813852
734.0 57.578125 3.21732483596
735.0 59.140625 3.21378419181
736.0 60.734375 3.20953166482
737.0 62.296875 3.21524783174
738.0 63.859375 3.2190833931
739.0 65.421875 3.21952494947
740.0 66.984375 3.21601837372
741.0 68.546875 3.21210585998
742.0 70.140625 3.20905650692
743.0 71.703125 3.21375605457
744.0 73.265625 3.21558333568
745.0 74.828125 3.21542076584
746.0 76.390625 3.21464276853
747.0 77.953125 3.20989402462
748.0 79.546875 3.20770992405
749.0 81.109375 3.21337101566
750.0 82.671875 3.21611343693
751.0 84.234375 3.2155188205
752.0 85.796875 3.21340462562
753.0 87.359375 3.20880050333
754.0 88.953125 3.20514696493
755.0 90.515625 3.21069757522
756.0 92.078125 3.21336573795
757.0 93.640625 3.21517252525
758.0 95.203125 3.21304038665
759.0 96.765625 3.2079647304
760.0 98.359375 3.20517196277
761.0 99.921875 3.21055196853
762.0 1.484375 3.21303885537
763.0 3.046875 3.2124298383
764.0 4.609375 3.21052062899
765.0 6.171875 3.20810874711
766.0 7.765625 3.20385121658
767.0 9.328125 3.20895539089
768.0 10.890625 3.21217812785
769.0 12.453125 3.21241835378
770.0 14.015625 3.21019627898
771.0 15.578125 3.20678285525
772.0 17.140625 3.20244945356
773.0 18.734375 3.20805998271
774.0 20.296875 3.21168309155
775.0 21.859375 3.21258036217
776.0 23.421875 3.21165599275
777.0 24.984375 3.20750546864
778.0 26.546875 3.20255975321
779.0 28.140625 3.2039844981
780.0 29.703125 3.20893191485
781.0 31.265625 3.21153843411
782.0 32.828125 3.21115542207
783.0 34.390625 3.20959335839
784.0 35.953125 3.20490264985
785.0 37.546875 3.20356923725
786.0 39.109375 3.20896859911
787.0 40.671875 3.21173838095
788.0 42.234375 3.21193877607
789.0 43.796875 3.20938317182
790.0 45.359375 3.20507587879
791.0 46.921875 3.20015106504
792.0 48.515625 3.20456675385
793.0 50.078125 3.20840031185
794.0 51.640625 3.20952245343
795.0 53.203125 3.2081132122
796.0 54.765625 3.2049008347
797.0 56.328125 3.20056175862
798.0 57.921875 3.20408549358
799.0 59.484375 3.20842257267
800.0 61.046875 3.21027726757
801.0 62.609375 3.21022712683
802.0 64.171875 3.20778627714
803.0 65.734375 3.20461508466
804.0 67.328125 3.20422611721
805.0 68.890625 3.20959972051
806.0 70.453125 3.2118104781
807.0 72.015625 3.21287513581
808.0 73.578125 3.21139018872
809.0 75.140625 3.20771281612
810.0 76.734375 3.20417623035
811.0 78.296875 3.20958246422
812.0 79.859375 3.21232377583
813.0 81.421875 3.21479196574
814.0 82.984375 3.21380723383
815.0 84.546875 3.21087618094
816.0 86.109375 3.20501070569
817.0 87.703125 3.20855292384
818.0 89.265625 3.2116096588
819.0 90.828125 3.21417124609
820.0 92.390625 3.21328975756
821.0 93.953125 3.2100957334
822.0 95.515625 3.20450249248
823.0 97.109375 3.20220849158
824.0 98.671875 3.2067444182
825.0 0.234375 3.20864234873
826.0 1.796875 3.20829362714
827.0 3.359375 3.2065257772
828.0 4.921875 3.20294074028
829.0 6.484375 3.19832568596
830.0 8.078125 3.19901287679
831.0 9.640625 3.2022668019
832.0 11.203125 3.20520508188
833.0 12.765625 3.2058817867
834.0 14.328125 3.20476426312
835.0 15.890625 3.20177961109
836.0 17.453125 3.19657905164
837.0 19.046875 3.19893572147
838.0 20.609375 3.20336273984
839.0 22.171875 3.20407368985
840.0 23.734375 3.20292091376
841.0 25.296875 3.20113084949
842.0 26.859375 3.19745533778
843.0 28.421875 3.19154917892
844.0 30.015625 3.19591157985
845.0 31.578125 3.19944851871
846.0 33.140625 3.20101027252
847.0 34.703125 3.20121594336
848.0 36.265625 3.19935080203
849.0 37.828125 3.19564011403
850.0 39.390625 3.19081582741
851.0 40.984375 3.195174762
852.0 42.546875 3.19695497683
853.0 44.109375 3.19804094449
854.0 45.671875 3.1980951582
855.0 47.234375 3.19690781053
856.0 48.796875 3.19374200624
857.0 50.359375 3.18808011905
858.0 51.953125 3.19173872015
859.0 53.515625 3.19617226473
860.0 55.078125 3.19788899175
861.0 56.640625 3.19620095723
862.0 58.203125 3.19478876831
863.0 59.765625 3.19138429873
864.0 61.328125 3.18644031918
865.0 62.921875 3.18911209218
866.0 64.484375 3.19323922706
867.0 66.046875 3.19581510652
868.0 67.609375 3.19609283283
869.0 69.171875 3.19389256787
870.0 70.734375 3.19060366334
871.0 72.296875 3.18686079004
872.0 73.890625 3.18624190477
873.0 75.453125 3.19002727743
874.0 77.015625 3.19242205963
875.0 78.578125 3.19326712303
876.0 80.140625 3.19240533366
877.0 81.703125 3.18922123408
878.0 83.265625 3.18629233758
879.0 84.859375 3.18500798969
880.0 86.421875 3.18950995065
881.0 87.984375 3.19220447399
882.0 89.546875 3.19366386206
883.0 91.109375 3.1926159113
884.0 92.671875 3.18982388739
885.0 94.234375 3.18666724065
886.0 95.796875 3.18214812703
887.0 97.390625 3.18459569044
888.0 98.953125 3.18763794472
889.0 0.515625 3.1889760668
890.0 2.078125 3.18927793458
891.0 3.640625 3.18740929416
892.0 5.203125 3.18465469871
893.0 6.765625 3.18152566345
894.0 8.359375 3.18143497351
895.0 9.921875 3.18497158603
896.0 11.484375 3.18722002816
897.0 13.046875 3.18788481001
898.0 14.609375 3.18799163719
899.0 16.171875 3.1860319341
900.0 17.734375 3.18308643158
901.0 19.328125 3.17963548198
902.0 20.890625 3.18409313052
903.0 22.453125 3.18634037579
904.0 24.015625 3.18808798204
905.0 25.578125 3.18868907805
906.0 27.140625 3.18774414554
907.0 28.703125 3.18454089441
908.0 30.265625 3.18013372207
909.0 31.859375 3.18105444356
910.0 33.421875 3.18407696644
911.0 34.984375 3.18713485292
912.0 36.546875 3.18804395752
913.0 38.109375 3.18634695226
914.0 39.671875 3.18373122351
915.0 41.234375 3.17975078153
916.0 42.828125 3.17505373393
917.0 44.390625 3.17930368435
918.0 45.953125 3.18116950543
919.0 47.515625 3.18173951294
920.0 49.078125 3.18057422571
921.0 50.640625 3.17886046804
922.0 52.203125 3.17646760242
923.0 53.765625 3.17158757336
924.0 55.359375 3.16778967869
925.0 56.921875 3.16976109704
926.0 58.484375 3.17224188675
927.0 60.046875 3.17377597763
928.0 61.609375 3.1738358427
929.0 63.171875 3.17329188551
930.0 64.734375 3.17135489398
931.0 66.296875 3.16886224872
932.0 67.859375 3.16553805852
933.0 69.453125 3.16682281749
934.0 71.015625 3.16944748445
935.0 72.578125 3.17074213093
936.0 74.140625 3.17049767062
937.0 75.703125 3.16985293482
938.0 77.265625 3.16765657783
939.0 78.828125 3.16445886371
940.0 80.390625 3.15996962899
941.0 81.984375 3.15842051487
942.0 83.546875 3.16258903809
943.0 85.109375 3.16424018634
944.0 86.671875 3.16503088285
945.0 88.234375 3.16554496135
946.0 89.796875 3.16418211745
947.0 91.359375 3.16223506557
948.0 92.921875 3.15907161062
949.0 94.484375 3.15555488889
950.0 96.078125 3.15660412044
951.0 97.640625 3.15866272144
952.0 99.203125 3.15964183908
953.0 0.765625 3.15922701577
954.0 2.328125 3.16055725884
955.0 3.890625 3.16009208093
956.0 5.453125 3.15767535607
957.0 7.015625 3.15460104888
958.0 8.609375 3.14993684086
959.0 10.171875 3.15307272851
960.0 11.734375 3.15461810169
961.0 13.296875 3.15590572602
962.0 14.859375 3.15563047209
963.0 16.421875 3.15623461548
964.0 17.984375 3.15573811073
965.0 19.546875 3.15375875702
966.0 21.109375 3.15040215341
967.0 22.703125 3.14682686331
968.0 24.265625 3.149410046
969.0 25.828125 3.15074118567
970.0 27.390625 3.15105441209
971.0 28.953125 3.15178723761
972.0 30.515625 3.15129088776
973.0 32.078125 3.1520580182
974.0 33.640625 3.1489683772
975.0 35.203125 3.14698881818
976.0 36.765625 3.1437617027
977.0 38.359375 3.14648477887
978.0 39.921875 3.14772053965
979.0 41.484375 3.14943382004
980.0 43.046875 3.15033614118
981.0 44.609375 3.14986977768
982.0 46.171875 3.14900303157
983.0 47.734375 3.1462002503
984.0 49.296875 3.14351860249
985.0 50.859375 3.14021268139
986.0 52.453125 3.13868512945
987.0 54.015625 3.14105971294
988.0 55.578125 3.14327012918
989.0 57.140625 3.14350606972
990.0 58.703125 3.14305768959
991.0 60.265625 3.14146268271
992.0 61.828125 3.14026796591
993.0 63.390625 3.13839779694
994.0 64.953125 3.13557953114
995.0 66.546875 3.13315062372
996.0 68.109375 3.13538995971
997.0 69.671875 3.13704983971
998.0 71.234375 3.1371379496
999.0 72.796875 3.13723617963
1000.0 74.359375 3.13732377812
1001.0 75.921875 3.13614622775
1002.0 77.484375 3.13400360081
1003.0 79.046875 3.13124421849
1004.0 80.609375 3.12759583572
1005.0 82.203125 3.12761188941
1006.0 83.765625 3.12910018562
1007.0 85.328125 3.13005580993
1008.0 86.890625 3.13127718385
1009.0 88.453125 3.12957354141
1010.0 90.015625 3.12818365353
1011.0 91.578125 3.12714217569
1012.0 93.140625 3.12455816532
1013.0 94.703125 3.12215496271
1014.0 96.265625 3.11906788901
1015.0 97.859375 3.11718374542
1016.0 99.421875 3.11838088778
1017.0 0.984375 3.11889886611
1018.0 2.546875 3.1189475449
1019.0 4.109375 3.11958279567
1020.0 5.671875 3.11854320222
1021.0 7.234375 3.11750983592
1022.0 8.796875 3.11654135243
1023.0 10.359375 3.11594831057
1024.0 11.921875 3.1145425395
1025.0 13.484375 3.11295498813
1026.0 15.046875 3.11048880632
1027.0 16.640625 3.11178112321
1028.0 18.203125 3.1142223343
1029.0 19.765625 3.11492893078
1030.0 21.328125 3.11590293757
1031.0 22.890625 3.11553251501
1032.0 24.453125 3.11467320762
1033.0 26.015625 3.11437354173
1034.0 27.578125 3.11253809493
1035.0 29.140625 3.11045874345
1036.0 30.703125 3.10850479575
1037.0 32.265625 3.10655159578
1038.0 33.859375 3.10594346355
1039.0 35.421875 3.10793357058
1040.0 36.984375 3.10922497154
1041.0 38.546875 3.11004333947
1042.0 40.109375 3.11084164478
1043.0 41.671875 3.1122564501
1044.0 43.234375 3.11203004204
1045.0 44.796875 3.11095530304
1046.0 46.359375 3.10949516922
1047.0 47.921875 3.10755765711
1048.0 49.484375 3.10555686513
1049.0 51.046875 3.10438512385
1050.0 52.640625 3.10425668247
1051.0 54.203125 3.10569569787
1052.0 55.765625 3.10734455023
1053.0 57.328125 3.1087830959
1054.0 58.890625 3.10979902156
1055.0 60.453125 3.10968715316
1056.0 62.015625 3.10880810568
1057.0 63.578125 3.10834257609
1058.0 65.140625 3.10731576796
1059.0 66.703125 3.10703235906
1060.0 68.265625 3.10562791929
1061.0 69.828125 3.10445865877
1062.0 71.390625 3.10344917455
1063.0 72.984375 3.10529371779
1064.0 74.546875 3.10612498391
1065.0 76.109375 3.10723577283
1066.0 77.671875 3.10703847933
1067.0 79.234375 3.10735634011
1068.0 80.796875 3.1073313384
1069.0 82.359375 3.10680441739
1070.0 83.921875 3.10707153417
1071.0 85.484375 3.1069264231
1072.0 87.046875 3.10673180989
1073.0 88.609375 3.10546708341
1074.0 90.171875 3.10354878396
1075.0 91.765625 3.10221717259
1076.0 93.328125 3.10444642191
1077.0 94.890625 3.10606691614
1078.0 96.453125 3.10741812117
1079.0 98.015625 3.10875995414
1080.0 99.578125 3.11004130363
1081.0 1.140625 3.10976828814
1082.0 2.703125 3.10975001636
1083.0 4.265625 3.10891835867
1084.0 5.828125 3.10811661408
1085.0 7.390625 3.10826508087
1086.0 8.953125 3.10687998386
1087.0 10.515625 3.10546950351
1088.0 12.078125 3.10430417671
1089.0 13.671875 3.10276198827
1090.0 15.234375 3.10359824244
1091.0 16.796875 3.10454858827
1092.0 18.359375 3.10598625623
1093.0 19.921875 3.10743452433
1094.0 21.484375 3.10736566786
1095.0 23.046875 3.10842011411
1096.0 24.609375 3.10783562474
1097.0 26.171875 3.10773951273
1098.0 27.734375 3.10709474817
1099.0 29.296875 3.10614550366
1100.0 30.859375 3.10621284148
1101.0 32.421875 3.10518700785
1102.0 33.984375 3.10283275835
1103.0 35.546875 3.10155778109
1104.0 37.140625 3.10222222729
1105.0 38.703125 3.10413680129
1106.0 40.265625 3.10594180188
1107.0 41.828125 3.10742094828
1108.0 43.390625 3.10800543868
1109.0 44.953125 3.10967317021
1110.0 46.515625 3.11048617292
1111.0 48.078125 3.11107145366
1112.0 49.640625 3.11189459072
1113.0 51.203125 3.11317948317
1114.0 52.765625 3.11334092448
1115.0 54.328125 3.11309049566
1116.0 55.890625 3.11301352472
1117.0 57.453125 3.11309189318
1118.0 59.015625 3.11260253453
1119.0 60.609375 3.11459481934
1120.0 62.171875 3.11653947941
1121.0 63.734375 3.11962145016
1122.0 65.296875 3.12161095916
1123.0 66.859375 3.12306696972
1124.0 68.421875 3.12477283697
1125.0 69.984375 3.12517861425
1126.0 71.546875 3.12529092069
1127.0 73.109375 3.12548975601
1128.0 74.671875 3.12499596487
1129.0 76.234375 3.12419079554
1130.0 77.796875 3.12333866306
1131.0 79.359375 3.12227111942
1132.0 80.921875 3.12023266023
1133.0 82.515625 3.12338154414
1134.0 84.078125 3.12580073147
1135.0 85.640625 3.12912333093
1136.0 87.203125 3.1309782915
1137.0 88.765625 3.13304741705
1138.0 90.328125 3.13388075197
1139.0 91.890625 3.13537926159
1140.0 93.453125 3.13576422776
1141.0 95.015625 3.13607505937
1142.0 96.578125 3.13561594532
1143.0 98.140625 3.1341446458
1144.0 99.703125 3.13266134458
1145.0 1.265625 3.13176729179
1146.0 2.828125 3.13045489583
1147.0 4.421875 3.13240929482
1148.0 5.984375 3.13536545975
1149.0 7.546875 3.13800140201
1150.0 9.109375 3.14107146514
1151.0 10.671875 3.14221766543
1152.0 12.234375 3.14290801299
1153.0 13.796875 3.14313924864
1154.0 15.359375 3.1433027195
1155.0 16.921875 3.142604861
1156.0 18.484375 3.14325470501
1157.0 20.046875 3.14298073225
1158.0 21.609375 3.14195163681
1159.0 23.171875 3.1414162945
1160.0 24.734375 3.14045962021
1161.0 26.328125 3.14008057345
1162.0 27.890625 3.14254337029
1163.0 29.453125 3.1441129919
1164.0 31.015625 3.14610635614
1165.0 32.578125 3.14757728942
1166.0 34.140625 3.14838409857
1167.0 35.703125 3.14949139296
1168.0 37.265625 3.15024750764
1169.0 38.828125 3.15057565929
1170.0 40.390625 3.15114204807
1171.0 41.953125 3.1501468869
1172.0 43.515625 3.14848356475
1173.0 45.078125 3.14764122767
1174.0 46.640625 3.14627725134
1175.0 48.203125 3.14509316167
1176.0 49.796875 3.14563761501
1177.0 51.359375 3.14850467602
1178.0 52.921875 3.1519481055
1179.0 54.484375 3.15429646466
1180.0 56.046875 3.15629687801
1181.0 57.609375 3.15733525585
1182.0 59.171875 3.15783074564
1183.0 60.734375 3.15936502575
1184.0 62.296875 3.16075397328
1185.0 63.859375 3.16049515125
1186.0 65.421875 3.16008164749
1187.0 66.984375 3.15993942922
1188.0 68.546875 3.158608948
1189.0 70.109375 3.15689242207
1190.0 71.671875 3.15534792828
1191.0 73.265625 3.15362907604
1192.0 74.828125 3.15758417973
1193.0 76.390625 3.16029932958
1194.0 77.953125 3.16232319277
1195.0 79.515625 3.16424856703
1196.0 81.078125 3.16591128213
1197.0 82.640625 3.16786259009
1198.0 84.203125 3.16883503407
1199.0 85.765625 3.16959233258
1200.0 87.328125 3.17097668639
1201.0 88.890625 3.17075665881
1202.0 90.453125 3.16974833263
1203.0 92.015625 3.1689624646
1204.0 93.578125 3.16829332488
1205.0 95.140625 3.1670585554
1206.0 96.703125 3.16473764724
1207.0 98.296875 3.16553757816
1208.0 99.859375 3.16877246911
1209.0 1.421875 3.17102352449
1210.0 2.984375 3.17331326811
1211.0 4.546875 3.17530696175
1212.0 6.109375 3.1770136909
1213.0 7.671875 3.17853796604
1214.0 9.234375 3.17777017271
1215.0 10.796875 3.17699277384
1216.0 12.359375 3.17628482101
1217.0 13.921875 3.17554562257
1218.0 15.484375 3.17370539134
1219.0 17.046875 3.17114686573
1220.0 18.609375 3.16849108144
1221.0 20.171875 3.16503611323
1222.0 21.765625 3.1638484361
1223.0 23.328125 3.16589957537
1224.0 24.890625 3.16765687744
1225.0 26.453125 3.16996982271
1226.0 28.015625 3.17139888665
1227.0 29.578125 3.17132023579
1228.0 31.140625 3.17319136149
1229.0 32.703125 3.17407050563
1230.0 34.265625 3.17431749324
1231.0 35.828125 3.17389107934
1232.0 37.390625 3.17313501117
1233.0 38.953125 3.17132306421
1234.0 40.515625 3.16937034802
1235.0 42.078125 3.16759058932
1236.0 43.640625 3.1653153142
1237.0 45.203125 3.16318161356
1238.0 46.765625 3.1602225654
1239.0 48.359375 3.15867410839
1240.0 49.921875 3.16040892622
1241.0 51.484375 3.16226049863
1242.0 53.046875 3.16325608082
1243.0 54.609375 3.1646664441
1244.0 56.171875 3.16592150845
1245.0 57.734375 3.16635490964
1246.0 59.296875 3.16700134255
1247.0 60.859375 3.16676907762
1248.0 62.421875 3.16599398275
1249.0 63.984375 3.16472126629
1250.0 65.546875 3.16252163261
1251.0 67.109375 3.16110718031
1252.0 68.671875 3.15945992245
1253.0 70.234375 3.15780691129
1254.0 71.796875 3.15481811152
1255.0 73.359375 3.15339433257
1256.0 74.921875 3.15104136931
1257.0 76.515625 3.14989454831
1258.0 78.078125 3.15185159811
1259.0 79.640625 3.15343202066
1260.0 81.203125 3.15379715215
1261.0 82.765625 3.15424964937
1262.0 84.328125 3.15458106573
1263.0 85.890625 3.15528515923
1264.0 87.453125 3.15506181096
1265.0 89.015625 3.15475266772
1266.0 90.578125 3.15425186735
1267.0 92.140625 3.15443334332
1268.0 93.703125 3.15244908759
1269.0 95.265625 3.15071260184
1270.0 96.828125 3.14914064403
1271.0 98.390625 3.14707831674
1272.0 99.953125 3.14553522873
1273.0 1.515625 3.14393618804
1274.0 3.078125 3.14226814195
1275.0 4.640625 3.13977628086
1276.0 6.203125 3.1373420027
1277.0 7.796875 3.13541257267
1278.0 9.359375 3.13598647339
1279.0 10.921875 3.13643707049
1280.0 12.484375 3.1367559523
1281.0 14.046875 3.13793349668
1282.0 15.609375 3.13899403663
1283.0 17.171875 3.13893807024
1284.0 18.734375 3.1391139115
1285.0 20.296875 3.13890518403
1286.0 21.859375 3.13808355882
1287.0 23.421875 3.13718013421
1288.0 24.984375 3.13600286781
1289.0 26.546875 3.13517513025
1290.0 28.109375 3.13483862033
1291.0 29.671875 3.13401173648
1292.0 31.234375 3.13133676498
1293.0 32.796875 3.12998534425
1294.0 34.359375 3.12782827054
1295.0 35.921875 3.12675663648
1296.0 37.484375 3.12392459873
1297.0 39.046875 3.12190986959
1298.0 40.609375 3.11994651517
1299.0 42.171875 3.11769718373
1300.0 43.765625 3.11681425821
1301.0 45.328125 3.11657080494
1302.0 46.890625 3.11671823448
1303.0 48.453125 3.11578208283
1304.0 50.015625 3.1156968158
1305.0 51.578125 3.11525427653
1306.0 53.140625 3.11417415177
1307.0 54.703125 3.11301591413
1308.0 56.265625 3.11205331417
1309.0 57.828125 3.11008179425
1310.0 59.390625 3.10839068606
1311.0 60.953125 3.10704879895
1312.0 62.515625 3.10680531539
1313.0 64.078125 3.10528832172
1314.0 65.640625 3.10306754243
1315.0 67.203125 3.10187035403
1316.0 68.765625 3.10048124409
1317.0 70.328125 3.10011695065
1318.0 71.890625 3.0998488419
1319.0 73.453125 3.09883304137
1320.0 75.015625 3.09777150011
1321.0 76.578125 3.09734862438
1322.0 78.140625 3.09623121451
1323.0 79.703125 3.0948359882
1324.0 81.265625 3.0947403702
1325.0 82.828125 3.09359773458
1326.0 84.390625 3.09252620037
1327.0 85.953125 3.09087508187
1328.0 87.515625 3.08964871247
1329.0 89.078125 3.08870241415
1330.0 90.640625 3.0870897605
1331.0 92.203125 3.08598429405
1332.0 93.765625 3.08427935146
1333.0 95.328125 3.08360211611
1334.0 96.890625 3.08349569631
1335.0 98.453125 3.08280335696
1336.0 0.015625 3.0824612671
1337.0 1.578125 3.08231798196
1338.0 3.140625 3.08124381289
1339.0 4.703125 3.0799504199
1340.0 6.296875 3.07986060325
1341.0 7.859375 3.08049019468
1342.0 9.421875 3.08077402117
1343.0 10.984375 3.08057241714
1344.0 12.546875 3.08052779557
1345.0 14.109375 3.08035869181
1346.0 15.671875 3.08093364781
1347.0 17.234375 3.08173011006
1348.0 18.796875 3.08228907822
1349.0 20.359375 3.08244832023
1350.0 21.921875 3.08295925379
1351.0 23.484375 3.082627084
1352.0 25.046875 3.08295389403
1353.0 26.609375 3.08369100879
1354.0 28.171875 3.08300394848
1355.0 29.734375 3.08254392262
1356.0 31.296875 3.0824499772
1357.0 32.859375 3.08325527544
1358.0 34.421875 3.08378380575
1359.0 35.984375 3.08442013664
1360.0 37.546875 3.08522996272
1361.0 39.109375 3.08581632922
1362.0 40.671875 3.08653684266
1363.0 42.234375 3.08748803567
1364.0 43.796875 3.08777691025
1365.0 45.359375 3.08798185503
1366.0 46.921875 3.08818158808
1367.0 48.484375 3.08829725072
1368.0 50.046875 3.09019513951
1369.0 51.609375 3.09051000033
1370.0 53.171875 3.09120393058
1371.0 54.734375 3.09219628996
1372.0 56.296875 3.09255162977
1373.0 57.859375 3.09287444246
1374.0 59.421875 3.09323751691
1375.0 60.984375 3.09327112889
1376.0 62.546875 3.09362045076
1377.0 64.109375 3.09463807299
1378.0 65.671875 3.09556960947
1379.0 67.234375 3.09571520383
1380.0 68.796875 3.09634654982
1381.0 70.359375 3.09657287578
1382.0 71.921875 3.09676867963
1383.0 73.484375 3.09774798966
1384.0 75.046875 3.09740450711
1385.0 76.609375 3.09782954643
1386.0 78.171875 3.09929092713
1387.0 79.734375 3.0999829633
1388.0 81.296875 3.10038775821
1389.0 82.859375 3.1013802472
1390.0 84.421875 3.1012733062
1391.0 85.984375 3.10149203828
1392.0 87.546875 3.10217561776
1393.0 89.109375 3.10375593948
1394.0 90.671875 3.10415691383
1395.0 92.234375 3.1050528058
1396.0 93.796875 3.10559557255
1397.0 95.359375 3.10638676344
1398.0 96.921875 3.107168031
1399.0 98.484375 3.1076246446
1400.0 0.046875 3.10829306064
1401.0 1.609375 3.11015016032
1402.0 3.171875 3.11080883711
1403.0 4.734375 3.11165409593
1404.0 6.296875 3.11247784623
1405.0 7.859375 3.1131508623
1406.0 9.421875 3.11333039893
1407.0 10.984375 3.1137319219
1408.0 12.578125 3.11471769243
1409.0 14.140625 3.11689380378
1410.0 15.703125 3.11922367892
1411.0 17.265625 3.12121514521
1412.0 18.828125 3.12232366763
1413.0 20.390625 3.12344660544
1414.0 21.953125 3.12506813332
1415.0 23.515625 3.12696577136
1416.0 25.078125 3.12849299827
1417.0 26.640625 3.12899260498
1418.0 28.203125 3.13040180733
1419.0 29.765625 3.13110611657
1420.0 31.328125 3.13109019045
1421.0 32.890625 3.13171374996
1422.0 34.453125 3.13303271321
1423.0 36.015625 3.13390515029
1424.0 37.578125 3.13562608723
1425.0 39.140625 3.13590106711
1426.0 40.703125 3.13639907371
1427.0 42.265625 3.13748047791
1428.0 43.828125 3.13890744912
1429.0 45.390625 3.13973720298
1430.0 46.953125 3.13968533006
1431.0 48.515625 3.13978807835
1432.0 50.078125 3.14087893399
1433.0 51.640625 3.14044254796
1434.0 53.203125 3.14099069442
1435.0 54.765625 3.14123194997
1436.0 56.328125 3.14162348259
1437.0 57.890625 3.1406649356
1438.0 59.453125 3.14045741054
1439.0 61.015625 3.14039886015
1440.0 62.578125 3.14005016831
1441.0 64.140625 3.14085385187
1442.0 65.703125 3.14049325606
1443.0 67.265625 3.13934799617
1444.0 68.828125 3.13973380896
1445.0 70.390625 3.13953703729
1446.0 71.953125 3.13962967576
1447.0 73.515625 3.13847416948
1448.0 75.078125 3.13860516155
1449.0 76.640625 3.13734568116
1450.0 78.203125 3.13707858637
1451.0 79.765625 3.13651227634
1452.0 81.328125 3.1367841791
1453.0 82.890625 3.13625394876
1454.0 84.453125 3.13538655836
1455.0 86.015625 3.13489737007
1456.0 87.578125 3.13410569716
1457.0 89.140625 3.1333655679
1458.0 90.703125 3.13248872709
1459.0 92.265625 3.13069309601
1460.0 93.828125 3.12860221066
1461.0 95.390625 3.12849189542
1462.0 96.953125 3.12707235479
1463.0 98.515625 3.12668441427
1464.0 0.109375 3.12692348792
1465.0 1.671875 3.1272465374
1466.0 3.234375 3.12691859329
1467.0 4.796875 3.1273056734
1468.0 6.359375 3.12773226529
1469.0 7.921875 3.12735783625
1470.0 9.484375 3.1268485826
1471.0 11.046875 3.12679292888
1472.0 12.609375 3.12648344308
1473.0 14.171875 3.12635116006
1474.0 15.734375 3.1269425234
1475.0 17.296875 3.12681932736
1476.0 18.859375 3.12679847643
1477.0 20.421875 3.12661772045
1478.0 21.984375 3.12579764666
1479.0 23.546875 3.12564450271
1480.0 25.109375 3.12553249975
1481.0 26.671875 3.12452532084
1482.0 28.234375 3.12413720159
1483.0 29.796875 3.12395201161
1484.0 31.359375 3.1244472448
1485.0 32.921875 3.12372841679
1486.0 34.484375 3.12216552525
1487.0 36.046875 3.12168156202
1488.0 37.609375 3.12085809747
1489.0 39.171875 3.12018329214
1490.0 40.734375 3.11970216264
1491.0 42.296875 3.11860137639
1492.0 43.859375 3.11774658238
1493.0 45.421875 3.11705275296
1494.0 46.984375 3.11591733214
1495.0 48.546875 3.11510945338
1496.0 50.109375 3.11324055507
1497.0 51.671875 3.1113554055
1498.0 53.234375 3.11051340893
1499.0 54.796875 3.10973282555
1500.0 56.359375 3.10846516464
1501.0 57.921875 3.10594745516
1502.0 59.484375 3.10429996179
1503.0 61.046875 3.10256116831
1504.0 62.609375 3.10024277486
1505.0 64.171875 3.09886216076
1506.0 65.734375 3.09732699864
1507.0 67.296875 3.09589621032
1508.0 68.859375 3.09393879549
1509.0 70.421875 3.09204611052
1510.0 71.984375 3.08988937226
1511.0 73.546875 3.08820058331
1512.0 75.109375 3.08651507007
1513.0 76.671875 3.08583769662
1514.0 78.234375 3.08482979377
1515.0 79.796875 3.08322470704
1516.0 81.359375 3.08256704834
1517.0 82.921875 3.08094813552
1518.0 84.484375 3.07952776492
1519.0 86.046875 3.07821743448
1520.0 87.609375 3.07754785397
1521.0 89.171875 3.07674197201
1522.0 90.734375 3.07554136204
1523.0 92.296875 3.07413965303
1524.0 93.859375 3.07271102556
1525.0 95.421875 3.07112283018
1526.0 96.953125 3.07039590632
1527.0 98.515625 3.06963998665
1528.0 0.078125 3.06943687739
1529.0 1.640625 3.06873012366
1530.0 3.203125 3.06831510015
1531.0 4.765625 3.06905882732
1532.0 6.328125 3.06891096212
1533.0 7.890625 3.06927496316
1534.0 9.453125 3.07013295223
1535.0 11.015625 3.07074643705
1536.0 12.578125 3.0704651305
1537.0 14.140625 3.07062975627
1538.0 15.703125 3.07107952423
1539.0 17.265625 3.07154296006
1540.0 18.828125 3.07149938268
1541.0 20.390625 3.0713844327
1542.0 21.953125 3.0705670655
1543.0 23.515625 3.07105431814
1544.0 25.078125 3.07108818063
1545.0 26.640625 3.07120102126
1546.0 28.203125 3.0715949054
1547.0 29.765625 3.0714178206
1548.0 31.328125 3.07188838412
1549.0 32.890625 3.07224671581
1550.0 34.453125 3.07236925968
1551.0 36.015625 3.07308507892
1552.0 37.578125 3.07355942612
1553.0 39.140625 3.07325740975
1554.0 40.703125 3.07256097096
1555.0 42.265625 3.07335904752
1556.0 43.828125 3.07437749607
1557.0 45.390625 3.07449168364
1558.0 46.953125 3.07562879574
1559.0 48.515625 3.07537740436
1560.0 50.078125 3.07571022706
1561.0 51.640625 3.07628098546
1562.0 53.203125 3.07622810283
1563.0 54.765625 3.07626477627
1564.0 56.328125 3.07623551983
1565.0 57.890625 3.07601228391
1566.0 59.453125 3.07619664264
1567.0 61.015625 3.07589087222
1568.0 62.578125 3.07662963069
1569.0 64.140625 3.07703331874
1570.0 65.703125 3.07680016842
1571.0 67.234375 3.077615036
1572.0 68.796875 3.07950389436
1573.0 70.359375 3.07998500801
1574.0 71.921875 3.08114681535
1575.0 73.484375 3.08251236852
1576.0 75.046875 3.083789195
1577.0 76.609375 3.0855466397
1578.0 78.171875 3.08699321364
1579.0 79.734375 3.08866719986
1580.0 81.296875 3.09011529538
1581.0 82.859375 3.09085588408
1582.0 84.421875 3.09194372038
1583.0 85.984375 3.09327716504
1584.0 87.546875 3.09468321334
1585.0 89.109375 3.09614541781
1586.0 90.671875 3.09711184686
1587.0 92.234375 3.09896029825
1588.0 93.796875 3.10060513136
1589.0 95.359375 3.10142199102
1590.0 96.921875 3.1021519464
1591.0 98.484375 3.103691407
1592.0 0.046875 3.10491381848
1593.0 1.609375 3.10617747591
1594.0 3.171875 3.10777955291
1595.0 4.734375 3.10888090734
1596.0 6.296875 3.11059167257
1597.0 7.859375 3.11144339126
1598.0 9.421875 3.11269344596
1599.0 10.984375 3.11421275265
1600.0 12.546875 3.11535194951
1601.0 14.109375 3.11606119081
1602.0 15.671875 3.11663546165
1603.0 17.234375 3.11787542583
1604.0 18.796875 3.11890031516
1605.0 20.359375 3.11963074882
1606.0 21.921875 3.11974762608
1607.0 23.484375 3.12031414005
1608.0 25.046875 3.12098758497
1609.0 26.609375 3.12032992858
1610.0 28.171875 3.12126434471
1611.0 29.734375 3.12086946716
1612.0 31.296875 3.12030204725
1613.0 32.859375 3.1198385633
1614.0 34.421875 3.12021189533
1615.0 35.984375 3.11937291301
1616.0 37.546875 3.11924827055
1617.0 39.109375 3.11873183829
1618.0 40.671875 3.11895277075
1619.0 42.234375 3.11845072557
1620.0 43.796875 3.11755435039
1621.0 45.359375 3.11661996043
1622.0 46.921875 3.11662185306
1623.0 48.484375 3.11665564042
1624.0 50.046875 3.11630950301
1625.0 51.609375 3.1164590631
1626.0 53.171875 3.11572234407
1627.0 54.734375 3.11519448999
1628.0 56.296875 3.11357022441
1629.0 57.859375 3.11284353652
1630.0 59.421875 3.11130753911
1631.0 60.984375 3.10966748957
1632.0 62.515625 3.10936654736
1633.0 64.078125 3.10878776335
1634.0 65.640625 3.1085811101
1635.0 67.203125 3.10909016099
1636.0 68.765625 3.10963585733
1637.0 70.328125 3.11011326714
1638.0 71.890625 3.10983612985
1639.0 73.453125 3.10966890457
1640.0 75.015625 3.11070089778
1641.0 76.578125 3.11017570022
1642.0 78.140625 3.11006085112
1643.0 79.703125 3.10995552892
1644.0 81.265625 3.1100518901
1645.0 82.828125 3.10950080476
1646.0 84.390625 3.1086563084
1647.0 85.953125 3.10818492239
1648.0 87.515625 3.10731201503
1649.0 89.078125 3.10690610353
1650.0 90.640625 3.10697271908
1651.0 92.203125 3.10599539053
1652.0 93.765625 3.10453618939
1653.0 95.328125 3.10439989708
1654.0 96.890625 3.10310963
1655.0 98.453125 3.10204132852
1656.0 0.015625 3.10058110626
1657.0 1.578125 3.09880423716
1658.0 3.140625 3.09798688435
1659.0 4.703125 3.09587532822
1660.0 6.265625 3.09433789622
1661.0 7.828125 3.09318941794
1662.0 9.390625 3.09222302447
1663.0 10.953125 3.09067487372
1664.0 12.515625 3.0889264316
1665.0 14.078125 3.08686027162
1666.0 15.640625 3.08524282125
1667.0 17.203125 3.08370182786
1668.0 18.765625 3.08173619357
1669.0 20.328125 3.07897235146
1670.0 21.890625 3.07665489159
1671.0 23.421875 3.07609592557
1672.0 24.984375 3.07644467582
1673.0 26.546875 3.07637647147
1674.0 28.109375 3.07620017163
1675.0 29.671875 3.07577188059
1676.0 31.234375 3.07507723588
1677.0 32.796875 3.07451688132
1678.0 34.359375 3.0743135262
1679.0 35.921875 3.07344082282
1680.0 37.484375 3.07206104184
1681.0 39.046875 3.07167593511
1682.0 40.609375 3.07064805073
1683.0 42.171875 3.07037262723
1684.0 43.734375 3.06901661625
1685.0 45.296875 3.06756871163
1686.0 46.859375 3.06534809009
1687.0 48.421875 3.06325625137
1688.0 49.984375 3.06266908528
1689.0 51.546875 3.06130819143
1690.0 53.109375 3.05920765154
1691.0 54.671875 3.05812750299
1692.0 56.234375 3.05521057218
1693.0 57.796875 3.05285288765
1694.0 59.359375 3.05040935591
1695.0 60.890625 3.04967242215
1696.0 62.453125 3.05008629832
1697.0 64.015625 3.05037174527
1698.0 65.578125 3.05200700667
1699.0 67.140625 3.05269303741
1700.0 68.703125 3.05344637051
1701.0 70.265625 3.05291246009
1702.0 71.828125 3.05293060252
1703.0 73.390625 3.05317667356
1704.0 74.953125 3.05333934428
1705.0 76.515625 3.05408498872
1706.0 78.078125 3.05455352625
1707.0 79.640625 3.05478320037
1708.0 81.203125 3.05496203623
1709.0 82.765625 3.05382764981
1710.0 84.328125 3.05369396748
1711.0 85.890625 3.05280648308
1712.0 87.453125 3.0518266403
1713.0 88.984375 3.05392519074
1714.0 90.546875 3.05599964371
1715.0 92.109375 3.05764430289
1716.0 93.671875 3.05882700316
1717.0 95.234375 3.06058269144
1718.0 96.796875 3.06211375404
1719.0 98.359375 3.06347929589
1720.0 99.921875 3.06465007366
1721.0 1.484375 3.06580754018
1722.0 3.046875 3.06681451146
1723.0 4.609375 3.06747543015
1724.0 6.171875 3.06763584415
1725.0 7.734375 3.0685955646
1726.0 9.296875 3.06874811139
1727.0 10.859375 3.07006985655
1728.0 12.421875 3.07051399387
1729.0 13.984375 3.07110668981
1730.0 15.546875 3.07101540907
1731.0 17.109375 3.07050490868
1732.0 18.671875 3.06983992247
1733.0 20.203125 3.07106891919
1734.0 21.765625 3.07358177313
1735.0 23.328125 3.075317322
1736.0 24.890625 3.07744787739
1737.0 26.453125 3.0796751734
1738.0 28.015625 3.08111175622
1739.0 29.578125 3.08306054244
1740.0 31.140625 3.08462520877
1741.0 32.703125 3.08633658478
1742.0 34.265625 3.08735402468
1743.0 35.828125 3.0881453161
1744.0 37.390625 3.08879612428
1745.0 38.953125 3.0892707637
1746.0 40.515625 3.08981722343
1747.0 42.078125 3.09067003581
1748.0 43.640625 3.09025665317
1749.0 45.203125 3.09037301002
1750.0 46.765625 3.08966406437
1751.0 48.328125 3.08948303598
1752.0 49.890625 3.08961394116
1753.0 51.453125 3.08973131894
1754.0 53.015625 3.08872061921
1755.0 54.578125 3.08862545988
1756.0 56.109375 3.09006573762
1757.0 57.671875 3.09185073248
1758.0 59.234375 3.0938029086
1759.0 60.796875 3.09593649994
1760.0 62.359375 3.09789972428
1761.0 63.921875 3.09872239345
1762.0 65.484375 3.09995908671
1763.0 67.046875 3.10164552254
1764.0 68.609375 3.10305900127
1765.0 70.171875 3.10447285381
1766.0 71.734375 3.1047710751
1767.0 73.296875 3.10520446622
1768.0 74.859375 3.10542727512
1769.0 76.421875 3.10604186449
1770.0 77.984375 3.10544347861
1771.0 79.546875 3.10548788461
1772.0 81.109375 3.10405988936
1773.0 82.671875 3.10411085242
1774.0 84.234375 3.10347467549
1775.0 85.796875 3.10208703087
1776.0 87.359375 3.10130635276
1777.0 88.921875 3.10058478852
1778.0 90.484375 3.09898638753
1779.0 92.015625 3.09781246741
1780.0 93.578125 3.09958154426
1781.0 95.140625 3.10103507707
1782.0 96.703125 3.10278303953
1783.0 98.265625 3.10374489256
1784.0 99.828125 3.10470432285
1785.0 1.390625 3.10448276198
1786.0 2.953125 3.10520603392
1787.0 4.515625 3.10495641264
1788.0 6.078125 3.10468826035
1789.0 7.640625 3.10458963499
1790.0 9.203125 3.10386963295
1791.0 10.765625 3.1026293919
1792.0 12.328125 3.10177555975
1793.0 13.890625 3.10047265236
1794.0 15.453125 3.09890968656
1795.0 17.015625 3.09725793356
1796.0 18.578125 3.09363932333
1797.0 20.140625 3.09159627183
1798.0 21.703125 3.0891205645
1799.0 23.265625 3.08591767611
1800.0 24.828125 3.08223820282
1801.0 26.359375 3.08145287148
1802.0 27.921875 3.08156088119
1803.0 29.484375 3.08118289186
1804.0 31.046875 3.08113516074
1805.0 32.609375 3.08015623378
1806.0 34.171875 3.07927893049
1807.0 35.734375 3.07862483536
1808.0 37.296875 3.07827856022
1809.0 38.859375 3.07747599764
1810.0 40.421875 3.07615327786
1811.0 41.984375 3.07444412574
1812.0 43.546875 3.07213701285
1813.0 45.109375 3.06997823438
1814.0 46.671875 3.0673439653
1815.0 48.234375 3.06522576065
1816.0 49.796875 3.06181399334
1817.0 51.328125 3.05940922644
1818.0 52.890625 3.06087491613
1819.0 54.453125 3.06095487663
1820.0 56.015625 3.06038083053
1821.0 57.578125 3.06049571138
1822.0 59.140625 3.0602130803
1823.0 60.703125 3.05997360346
1824.0 62.265625 3.05935074791
1825.0 63.828125 3.05822868624
1826.0 65.390625 3.05643718266
1827.0 66.953125 3.05520473806
1828.0 68.515625 3.05267370424
1829.0 70.078125 3.05050709433
1830.0 71.640625 3.04906243342
1831.0 73.203125 3.04610188373
1832.0 74.734375 3.04773814139
1833.0 76.296875 3.0490512159
1834.0 77.859375 3.04971079327
1835.0 79.421875 3.04995088666
1836.0 80.984375 3.04961233981
1837.0 82.546875 3.0499655256
1838.0 84.109375 3.0505917737
1839.0 85.671875 3.04948766739
1840.0 87.234375 3.04877919617
1841.0 88.796875 3.04778119066
1842.0 90.359375 3.04662768483
1843.0 91.921875 3.04532997653
1844.0 93.484375 3.04373391859
1845.0 95.015625 3.04487824962
1846.0 96.578125 3.04759269747
1847.0 98.140625 3.04931550189
1848.0 99.703125 3.05053207536
1849.0 1.265625 3.05189394246
1850.0 2.828125 3.05258704718
1851.0 4.390625 3.05296329337
1852.0 5.953125 3.05346704714
1853.0 7.515625 3.05310186514
1854.0 9.078125 3.0519040722
1855.0 10.640625 3.05148317001
1856.0 12.203125 3.05109619575
1857.0 13.765625 3.04989365308
1858.0 15.296875 3.05174083119
1859.0 16.859375 3.05371595013
1860.0 18.421875 3.05622756386
1861.0 19.984375 3.05840689767
1862.0 21.546875 3.05984309282
1863.0 23.109375 3.06129757851
1864.0 24.671875 3.06219873188
1865.0 26.234375 3.0624076989
1866.0 27.796875 3.06256668069
1867.0 29.359375 3.0631558674
1868.0 30.921875 3.06261739514
1869.0 32.484375 3.06226144526
1870.0 34.046875 3.06130748141
1871.0 35.578125 3.06155226875
1872.0 37.140625 3.06411591168
1873.0 38.703125 3.06670416948
1874.0 40.265625 3.06992350655
1875.0 41.828125 3.07286860137
1876.0 43.390625 3.07433786192
1877.0 44.953125 3.07594797519
1878.0 46.515625 3.07772060045
1879.0 48.078125 3.07866826542
1880.0 49.640625 3.07871697971
1881.0 51.203125 3.07879740077
1882.0 52.765625 3.07919192105
1883.0 54.328125 3.0780005862
1884.0 55.890625 3.07724172205
1885.0 57.421875 3.07667622937
1886.0 58.984375 3.08048218777
1887.0 60.546875 3.08350543138
1888.0 62.109375 3.08666833729
1889.0 63.671875 3.08880569972
1890.0 65.234375 3.09036230812
1891.0 66.796875 3.09247720048
1892.0 68.359375 3.09446644096
1893.0 69.921875 3.09474581279
1894.0 71.484375 3.09561313621
1895.0 73.046875 3.09534575168
1896.0 74.609375 3.09566036919
1897.0 76.171875 3.09482522154
1898.0 77.734375 3.09404508977
1899.0 79.296875 3.09184616592
1900.0 80.859375 3.09023802823
1901.0 82.421875 3.08757505592
1902.0 83.953125 3.0888546206
1903.0 85.515625 3.09157060977
1904.0 87.078125 3.09256067563
1905.0 88.640625 3.09347671129
1906.0 90.203125 3.09411904306
1907.0 91.765625 3.09405043938
1908.0 93.328125 3.09375505908
1909.0 94.890625 3.09348263775
1910.0 96.453125 3.09291841892
1911.0 98.015625 3.09131577314
1912.0 99.578125 3.09090857183
1913.0 1.140625 3.08914862479
1914.0 2.703125 3.08716850266
1915.0 4.265625 3.0839003812
1916.0 5.828125 3.080843127
1917.0 7.359375 3.08124187361
1918.0 8.921875 3.08330862486
1919.0 10.484375 3.08404029578
1920.0 12.046875 3.08460494551
1921.0 13.609375 3.08480853588
1922.0 15.171875 3.08387702861
1923.0 16.734375 3.08330819068
1924.0 18.296875 3.08233293018
1925.0 19.859375 3.0802787259
1926.0 21.421875 3.07869239455
1927.0 22.984375 3.07596119481
1928.0 24.546875 3.07376866542
1929.0 26.109375 3.07005232887
1930.0 27.671875 3.06670736755
1931.0 29.203125 3.06618244368
1932.0 30.765625 3.06756596742
1933.0 32.328125 3.06960468461
1934.0 33.890625 3.07017156164
1935.0 35.453125 3.06972916832
1936.0 37.015625 3.06881688898
1937.0 38.578125 3.06755232014
1938.0 40.140625 3.06605130588
1939.0 41.703125 3.06417084308
1940.0 43.265625 3.06103189436
1941.0 44.828125 3.05850152083
1942.0 46.390625 3.05447224065
1943.0 47.921875 3.05189143428
1944.0 49.484375 3.0535601431
1945.0 51.046875 3.0545953347
1946.0 52.609375 3.05466893502
1947.0 54.171875 3.05516032169
1948.0 55.734375 3.05487096478
1949.0 57.296875 3.05328260321
1950.0 58.859375 3.05143005383
1951.0 60.421875 3.04919021505
1952.0 61.984375 3.04660617876
1953.0 63.546875 3.04358968648
1954.0 65.109375 3.04009213925
1955.0 66.640625 3.04102442186
1956.0 68.203125 3.04240894137
1957.0 69.765625 3.04365813136
1958.0 71.328125 3.04367590659
1959.0 72.890625 3.04359088059
1960.0 74.453125 3.04347699324
1961.0 76.015625 3.04180592267
1962.0 77.578125 3.03982836652
1963.0 79.140625 3.03730620244
1964.0 80.703125 3.03398762618
1965.0 82.234375 3.03334367725
1966.0 83.796875 3.03536307782
1967.0 85.359375 3.0375977689
1968.0 86.921875 3.03816006258
1969.0 88.484375 3.03822356394
1970.0 90.046875 3.03858953236
1971.0 91.609375 3.03802730801
1972.0 93.171875 3.03700553414
1973.0 94.734375 3.03521417869
1974.0 96.296875 3.03273531878
1975.0 97.828125 3.03244302478
1976.0 99.390625 3.03565419728
1977.0 0.953125 3.03803777594
1978.0 2.515625 3.03989637276
1979.0 4.078125 3.04137387129
1980.0 5.640625 3.04176128732
1981.0 7.203125 3.04168874706
1982.0 8.765625 3.0414046372
1983.0 10.328125 3.04065399119
1984.0 11.890625 3.03900219768
1985.0 13.421875 3.04004027794
1986.0 14.984375 3.0437898015
1987.0 16.546875 3.04687814764
1988.0 18.109375 3.04963505815
1989.0 19.671875 3.05244398777
1990.0 21.234375 3.05403535609
1991.0 22.796875 3.05434446509
1992.0 24.359375 3.05467963864
1993.0 25.921875 3.05504731437
1994.0 27.484375 3.05469367361
1995.0 29.046875 3.05388350383
1996.0 30.578125 3.056754379
1997.0 32.140625 3.06107021701
1998.0 33.703125 3.06407159819
1999.0 35.265625 3.06704723224
2000.0 36.828125 3.06858877841
