40.0 66.640625 2.73640038248 -1.77571204732
41.0 68.203125 2.73160592269 -1.77261590647
42.0 69.734375 2.73662823995 -1.77587065533
43.0 71.265625 2.7368121143 -1.77598883834
44.0 72.796875 2.73218188577 -1.77298584816
45.0 74.359375 2.73585885125 -1.77538177244
46.0 75.890625 2.73702989851 -1.77613992068
47.0 77.421875 2.73338487006 -1.77377572439
48.0 78.984375 2.73487724496 -1.77475536745
49.0 80.515625 2.73704613617 -1.77616032544
50.0 82.046875 2.73439899886 -1.77444315646
51.0 83.609375 2.73367774175 -1.77398763195
52.0 85.140625 2.73685280987 -1.77604488881
53.0 86.671875 2.73521697963 -1.77498337494
54.0 88.234375 2.73225256985 -1.7730735986
55.0 89.765625 2.73644294722 -1.77578908432
56.0 91.296875 2.7358298564 -1.7753906278
57.0 92.859375 2.73059546442 -1.77200916727
58.0 94.390625 2.735808684 -1.77538785041
59.0 95.921875 2.73622975627 -1.7756597715
60.0 97.453125 2.73187845756 -1.7728375544
61.0 99.015625 2.73494281192 -1.77483644074
62.0 100.546875 2.73640876126 -1.77578572313
63.0 102.078125 2.73310016914 -1.7736396239
64.0 103.640625 2.73383842465 -1.77413038205
65.0 105.171875 2.73635851309 -1.77576307791
66.0 106.703125 2.73410600273 -1.77430171585
67.0 108.265625 2.73248797244 -1.77326482091
68.0 109.796875 2.7360711111 -1.77558668485
69.0 111.328125 2.73488723434 -1.77481816718
70.0 112.890625 2.73088464161 -1.77223528653
71.0 114.421875 2.73553886355 -1.77525157426
72.0 115.953125 2.73543516235 -1.77518333001
73.0 117.484375 2.73060144455 -1.77204819883
74.0 119.046875 2.73475375135 -1.7747525471
75.0 120.578125 2.73574124584 -1.77539169764
76.0 122.109375 2.73199466135 -1.77296156106
77.0 123.671875 2.73370824305 -1.77408469441
78.0 125.203125 2.73579680883 -1.77543766734
79.0 126.734375 2.73315100046 -1.77372129867
80.0 128.296875 2.73239496362 -1.77324323368
81.0 129.828125 2.73559336514 -1.77531574155
82.0 131.359375 2.7340614672 -1.77432158011
83.0 132.921875 2.73080649714 -1.77222334388
84.0 134.453125 2.73512271345 -1.77502058429
85.0 135.984375 2.73471667663 -1.77475634871
86.0 137.515625 2.72962029664 -1.77145083657
87.0 139.078125 2.7343766066 -1.77454685353
88.0 140.609375 2.73510741412 -1.77501965897
89.0 142.140625 2.73114265238 -1.77244800718
90.0 143.703125 2.73334697177 -1.77388931953
91.0 145.234375 2.73522484956 -1.77510576686
92.0 146.765625 2.73240567392 -1.77327695535
93.0 148.328125 2.73202616002 -1.77304299462
94.0 149.859375 2.73505988116 -1.77500880119
95.0 151.390625 2.7333995054 -1.77393135356
96.0 152.953125 2.73040653814 -1.77200290638
97.0 154.484375 2.73460371901 -1.7747230727
98.0 156.015625 2.73411457145 -1.77440496707
99.0 157.546875 2.72897191496 -1.77106936603
100.0 159.109375 2.73384799769 -1.77424312258
101.0 160.640625 2.7345411063 -1.77469148522
102.0 162.171875 2.73057449603 -1.77211862438
103.0 163.734375 2.73278423293 -1.77356347058
104.0 165.265625 2.73466951387 -1.77478477371
105.0 166.796875 2.73189350554 -1.77298392595
106.0 168.359375 2.73140437919 -1.77267887917
107.0 169.890625 2.73449062435 -1.77467880509
108.0 171.421875 2.73291845013 -1.77365853688
109.0 172.984375 2.72970073566 -1.77158431979
110.0 174.515625 2.73399516494 -1.77436761824
111.0 176.046875 2.73363916615 -1.77413585602
112.0 177.578125 2.72866334318 -1.77090840416
113.0 179.140625 2.73317434212 -1.77384548585
114.0 180.671875 2.73404555701 -1.77440936386
115.0 182.203125 2.73029077504 -1.77197381603
